# x	y	u	v	s2n	mask
  1.2400	  0.9694	 -0.0387	 -0.0220	  2.2759	  0.0000
  2.3221	  0.9694	 -0.0146	 -0.0324	  2.3820	  0.0000
  3.4043	  0.9694	  0.0088	 -0.0316	  2.4114	  0.0000
  4.4865	  0.9694	  0.0078	 -0.0327	  2.3968	  0.0000
  5.5686	  0.9694	 -0.0035	 -0.0181	  2.3956	  0.0000
  6.6508	  0.9694	  0.0066	 -0.0296	  2.1637	  0.0000
  7.7330	  0.9694	  0.0125	 -0.0335	  2.3588	  0.0000
  8.8151	  0.9694	  0.0061	 -0.0300	  1.8569	  0.0000
  9.8973	  0.9694	 -0.0599	 -0.0461	  0.0000	  1.0000
 10.9795	  0.9694	  0.0411	 -0.0672	  2.0035	  0.0000
 12.0616	  0.9694	 -0.0230	 -0.0438	  2.2038	  0.0000
 13.1438	  0.9694	 -0.0189	 -0.0819	  1.9199	  0.0000
 14.2260	  0.9694	  0.0019	 -0.0613	  1.9681	  0.0000
 15.3081	  0.9694	 -0.0566	 -0.0627	  0.0000	  1.0000
 16.3903	  0.9694	 -0.0190	 -0.0061	  1.9878	  0.0000
 17.4724	  0.9694	 -0.0325	 -0.0298	  1.9844	  0.0000
 18.5546	  0.9694	 -0.0112	 -0.0131	  2.1416	  0.0000
 19.6368	  0.9694	 -0.0033	 -0.0443	  2.6993	  0.0000
 20.7189	  0.9694	 -0.0160	 -0.0104	  2.1158	  0.0000
 21.8011	  0.9694	  0.0225	 -0.0004	  2.3853	  0.0000
 22.8833	  0.9694	 -0.0016	  0.0042	  2.1389	  0.0000
 23.9654	  0.9694	  0.0223	 -0.0069	  1.9119	  0.0000
 25.0476	  0.9694	 -0.0026	 -0.0177	  0.0000	  1.0000
 26.1298	  0.9694	 -0.0020	  0.0205	  2.0577	  0.0000
 27.2119	  0.9694	  0.0184	 -0.0219	  1.9676	  0.0000
 28.2941	  0.9694	  0.0311	 -0.0156	  2.0614	  0.0000
 29.3763	  0.9694	  0.0183	 -0.0791	  2.1142	  0.0000
 30.4584	  0.9694	  0.0370	 -0.0710	  1.9553	  0.0000
 31.5406	  0.9694	  0.0177	 -0.0142	  2.2385	  0.0000
 32.6227	  0.9694	 -0.0062	 -0.0632	  2.0008	  0.0000
 33.7049	  0.9694	  0.0153	 -0.0562	  2.0347	  0.0000
 34.7871	  0.9694	  0.0031	 -0.0670	  2.1022	  0.0000
 35.8692	  0.9694	  0.0184	 -0.0395	  1.7422	  0.0000
 36.9514	  0.9694	  0.0038	 -0.0376	  1.9116	  0.0000
 38.0336	  0.9694	 -0.0335	 -0.0335	  1.9006	  0.0000
 39.1157	  0.9694	  0.0026	 -0.0179	  1.9771	  0.0000
 40.1979	  0.9694	  0.0285	 -0.0401	  1.9497	  0.0000
 41.2801	  0.9694	  0.0262	 -0.0325	  0.0000	  1.0000
 42.3622	  0.9694	  0.0442	 -0.0103	  2.0857	  0.0000
 43.4444	  0.9694	  0.0633	  0.0138	  2.1433	  0.0000
  1.2400	  2.0516	 -0.0214	 -0.0817	  2.0253	  0.0000
  2.3221	  2.0516	  0.0276	 -0.0577	  2.1987	  0.0000
  3.4043	  2.0516	 -0.0054	 -0.0613	  2.4320	  0.0000
  4.4865	  2.0516	 -0.0534	 -0.0412	  2.0869	  0.0000
  5.5686	  2.0516	 -0.0557	 -0.0426	  1.9977	  0.0000
  6.6508	  2.0516	 -0.0141	 -0.0253	  2.3387	  0.0000
  7.7330	  2.0516	 -0.0069	  0.0190	  2.1641	  0.0000
  8.8151	  2.0516	  0.0254	  0.0147	  1.9883	  0.0000
  9.8973	  2.0516	  0.0149	 -0.0166	  2.0107	  0.0000
 10.9795	  2.0516	  0.0301	 -0.0533	  2.0169	  0.0000
 12.0616	  2.0516	 -0.0100	 -0.0987	  1.9376	  0.0000
 13.1438	  2.0516	 -0.0411	 -0.0954	  1.9845	  0.0000
 14.2260	  2.0516	 -0.0284	 -0.0589	  1.9964	  0.0000
 15.3081	  2.0516	 -0.0183	 -0.0479	  1.8801	  0.0000
 16.3903	  2.0516	  0.0013	 -0.0549	  1.9874	  0.0000
 17.4724	  2.0516	 -0.0556	 -0.0496	  1.9114	  0.0000
 18.5546	  2.0516	 -0.0305	 -0.0266	  2.5496	  0.0000
 19.6368	  2.0516	 -0.0186	 -0.0015	  2.4365	  0.0000
 20.7189	  2.0516	  0.0015	 -0.0377	  2.1693	  0.0000
 21.8011	  2.0516	  0.0091	 -0.0463	  2.0165	  0.0000
 22.8833	  2.0516	 -0.0069	 -0.0221	  2.5589	  0.0000
 23.9654	  2.0516	  0.0004	 -0.0234	  2.3653	  0.0000
 25.0476	  2.0516	  0.0284	 -0.0645	  2.2506	  0.0000
 26.1298	  2.0516	 -0.0042	  0.0099	  2.0177	  0.0000
 27.2119	  2.0516	 -0.0146	 -0.0113	  2.1192	  0.0000
 28.2941	  2.0516	  0.0310	 -0.0034	  2.0720	  0.0000
 29.3763	  2.0516	  0.0201	 -0.0318	  1.9662	  0.0000
 30.4584	  2.0516	  0.0116	 -0.0619	  0.0000	  1.0000
 31.5406	  2.0516	  0.0115	 -0.0641	  0.0000	  1.0000
 32.6227	  2.0516	 -0.0070	 -0.0679	  2.0339	  0.0000
 33.7049	  2.0516	  0.0245	 -0.0703	  1.8879	  0.0000
 34.7871	  2.0516	  0.0282	 -0.0204	  1.9962	  0.0000
 35.8692	  2.0516	  0.0135	 -0.0450	  1.9323	  0.0000
 36.9514	  2.0516	  0.0325	 -0.0406	  1.8369	  0.0000
 38.0336	  2.0516	  0.0064	 -0.0061	  2.1863	  0.0000
 39.1157	  2.0516	  0.0178	 -0.0363	  0.0000	  1.0000
 40.1979	  2.0516	  0.0293	 -0.0109	  1.9867	  0.0000
 41.2801	  2.0516	  0.0432	 -0.0434	  1.7130	  0.0000
 42.3622	  2.0516	  0.0176	 -0.0331	  2.0630	  0.0000
 43.4444	  2.0516	  0.0715	 -0.0403	  2.2641	  0.0000
  1.2400	  3.1338	 -0.0533	 -0.1029	  2.3667	  0.0000
  2.3221	  3.1338	 -0.0675	 -0.0617	  1.9885	  0.0000
  3.4043	  3.1338	 -0.0652	 -0.0311	  2.1961	  0.0000
  4.4865	  3.1338	 -0.0776	 -0.0520	  2.1676	  0.0000
  5.5686	  3.1338	 -0.0764	 -0.0317	  2.1147	  0.0000
  6.6508	  3.1338	 -0.0503	 -0.0044	  2.2407	  0.0000
  7.7330	  3.1338	 -0.0326	  0.0449	  1.8185	  0.0000
  8.8151	  3.1338	  0.0653	  0.0246	  1.5464	  0.0000
  9.8973	  3.1338	 -0.0440	 -0.1170	  1.7451	  0.0000
 10.9795	  3.1338	 -0.0633	 -0.1033	  1.9085	  0.0000
 12.0616	  3.1338	 -0.0221	 -0.1389	  1.5694	  0.0000
 13.1438	  3.1338	 -0.0319	 -0.1199	  1.7539	  0.0000
 14.2260	  3.1338	 -0.0587	 -0.0684	  2.0106	  0.0000
 15.3081	  3.1338	 -0.0826	 -0.0606	  1.9118	  0.0000
 16.3903	  3.1338	 -0.0669	 -0.0891	  1.7290	  0.0000
 17.4724	  3.1338	 -0.0735	 -0.0620	  2.2248	  0.0000
 18.5546	  3.1338	 -0.0399	 -0.0390	  2.1413	  0.0000
 19.6368	  3.1338	 -0.0334	  0.0043	  2.0827	  0.0000
 20.7189	  3.1338	 -0.0533	 -0.0260	  1.8256	  0.0000
 21.8011	  3.1338	 -0.0538	 -0.0501	  1.9035	  0.0000
 22.8833	  3.1338	 -0.1035	  0.0286	  0.0000	  1.0000
 23.9654	  3.1338	 -0.0251	 -0.0240	  2.1137	  0.0000
 25.0476	  3.1338	  0.0153	  0.0089	  2.0580	  0.0000
 26.1298	  3.1338	 -0.0316	 -0.0364	  2.2189	  0.0000
 27.2119	  3.1338	  0.0435	 -0.0067	  2.1365	  0.0000
 28.2941	  3.1338	  0.0337	 -0.0001	  1.9351	  0.0000
 29.3763	  3.1338	  0.0464	 -0.0391	  1.9897	  0.0000
 30.4584	  3.1338	  0.0351	 -0.0422	  1.9216	  0.0000
 31.5406	  3.1338	 -0.0322	 -0.1069	  2.0932	  0.0000
 32.6227	  3.1338	  0.0130	 -0.0522	  1.8095	  0.0000
 33.7049	  3.1338	  0.0341	 -0.1075	  1.8953	  0.0000
 34.7871	  3.1338	 -0.0198	 -0.0720	  2.1212	  0.0000
 35.8692	  3.1338	 -0.0258	 -0.0166	  1.8050	  0.0000
 36.9514	  3.1338	  0.0142	 -0.0048	  2.0146	  0.0000
 38.0336	  3.1338	  0.0012	 -0.0732	  1.8218	  0.0000
 39.1157	  3.1338	  0.0231	 -0.0472	  2.0889	  0.0000
 40.1979	  3.1338	  0.0604	 -0.0582	  2.1179	  0.0000
 41.2801	  3.1338	  0.0275	 -0.0207	  2.1625	  0.0000
 42.3622	  3.1338	  0.0055	 -0.0467	  2.1603	  0.0000
 43.4444	  3.1338	  0.0273	 -0.0309	  0.0000	  1.0000
  1.2400	  4.2159	 -0.1473	 -0.1159	  1.8152	  0.0000
  2.3221	  4.2159	 -0.1908	 -0.0379	  1.8326	  0.0000
  3.4043	  4.2159	 -0.1487	  0.0180	  1.9328	  0.0000
  4.4865	  4.2159	 -0.1078	  0.0114	  2.1836	  0.0000
  5.5686	  4.2159	 -0.0602	 -0.0509	  2.0362	  0.0000
  6.6508	  4.2159	  0.0466	 -0.1026	  1.7294	  0.0000
  7.7330	  4.2159	 -0.0474	  0.1135	  1.4277	  0.0000
  8.8151	  4.2159	 -0.5848	  0.0699	  1.4112	  0.0000
  9.8973	  4.2159	 -0.4000	 -0.0472	  1.6577	  0.0000
 10.9795	  4.2159	 -0.2333	 -0.0924	  1.6947	  0.0000
 12.0616	  4.2159	 -0.1851	 -0.1329	  1.6322	  0.0000
 13.1438	  4.2159	 -0.0557	 -0.0981	  1.6358	  0.0000
 14.2260	  4.2159	 -0.1371	 -0.0594	  1.7944	  0.0000
 15.3081	  4.2159	 -0.2193	 -0.0390	  1.6867	  0.0000
 16.3903	  4.2159	 -0.1279	 -0.0736	  2.0425	  0.0000
 17.4724	  4.2159	 -0.0992	 -0.0767	  1.9753	  0.0000
 18.5546	  4.2159	 -0.0426	  0.0323	  1.7424	  0.0000
 19.6368	  4.2159	 -0.1140	  0.0467	  1.5474	  0.0000
 20.7189	  4.2159	 -0.1162	 -0.0076	  1.6668	  0.0000
 21.8011	  4.2159	 -0.1447	 -0.0311	  1.7910	  0.0000
 22.8833	  4.2159	 -0.0710	 -0.0344	  2.0317	  0.0000
 23.9654	  4.2159	 -0.0158	  0.0047	  1.8714	  0.0000
 25.0476	  4.2159	  0.0482	  0.0339	  1.9016	  0.0000
 26.1298	  4.2159	  0.0572	 -0.0206	  2.1411	  0.0000
 27.2119	  4.2159	 -0.0008	 -0.0548	  1.9223	  0.0000
 28.2941	  4.2159	  0.0390	 -0.1115	  1.8641	  0.0000
 29.3763	  4.2159	  0.0455	 -0.0924	  1.7332	  0.0000
 30.4584	  4.2159	  0.0053	 -0.0614	  1.7651	  0.0000
 31.5406	  4.2159	 -0.0244	 -0.0967	  2.0294	  0.0000
 32.6227	  4.2159	 -0.0112	 -0.0339	  1.7092	  0.0000
 33.7049	  4.2159	 -0.0263	 -0.0303	  1.8406	  0.0000
 34.7871	  4.2159	  0.0315	 -0.0586	  1.8793	  0.0000
 35.8692	  4.2159	  0.0005	 -0.0472	  0.0000	  1.0000
 36.9514	  4.2159	  0.0381	 -0.0580	  1.8274	  0.0000
 38.0336	  4.2159	  0.0372	 -0.0533	  1.8125	  0.0000
 39.1157	  4.2159	  0.0399	 -0.0101	  2.1068	  0.0000
 40.1979	  4.2159	  0.0583	 -0.0334	  2.1788	  0.0000
 41.2801	  4.2159	  0.0189	 -0.0183	  2.1943	  0.0000
 42.3622	  4.2159	 -0.0140	 -0.0415	  2.0370	  0.0000
 43.4444	  4.2159	  0.0259	 -0.0550	  2.3176	  0.0000
  1.2400	  5.2981	 -0.1137	 -0.1138	  0.0000	  1.0000
  2.3221	  5.2981	 -0.1352	 -0.0235	  1.9270	  0.0000
  3.4043	  5.2981	 -0.1018	 -0.0438	  1.8408	  0.0000
  4.4865	  5.2981	 -0.0493	 -0.0813	  2.0267	  0.0000
  5.5686	  5.2981	 -0.0282	 -0.1448	  1.7787	  0.0000
  6.6508	  5.2981	  0.0428	 -0.2155	  1.5865	  0.0000
  7.7330	  5.2981	 -0.0226	  0.0194	  1.7674	  0.0000
  8.8151	  5.2981	 -0.5123	  0.0426	  1.5728	  0.0000
  9.8973	  5.2981	 -0.6191	  0.0120	  1.9563	  0.0000
 10.9795	  5.2981	 -0.6254	 -0.0615	  1.7495	  0.0000
 12.0616	  5.2981	 -0.4944	 -0.1307	  1.3571	  0.0000
 13.1438	  5.2981	 -0.4393	 -0.0506	  1.4599	  0.0000
 14.2260	  5.2981	 -0.4898	  0.0141	  1.6603	  0.0000
 15.3081	  5.2981	 -0.3767	  0.0084	  1.5801	  0.0000
 16.3903	  5.2981	 -0.2138	 -0.0941	  1.8318	  0.0000
 17.4724	  5.2981	 -0.2625	 -0.0216	  1.6208	  0.0000
 18.5546	  5.2981	 -0.1763	  0.1360	  1.6202	  0.0000
 19.6368	  5.2981	 -0.3439	  0.0377	  1.6131	  0.0000
 20.7189	  5.2981	 -0.2959	  0.0151	  1.5631	  0.0000
 21.8011	  5.2981	 -0.2336	  0.0901	  0.0000	  1.0000
 22.8833	  5.2981	 -0.1134	  0.0514	  1.8898	  0.0000
 23.9654	  5.2981	 -0.0884	  0.0836	  1.2881	  0.0000
 25.0476	  5.2981	  0.0379	  0.0823	  1.4639	  0.0000
 26.1298	  5.2981	  0.0212	 -0.0052	  1.5419	  0.0000
 27.2119	  5.2981	 -0.0232	 -0.0906	  1.6087	  0.0000
 28.2941	  5.2981	 -0.0042	 -0.1572	  1.4347	  0.0000
 29.3763	  5.2981	  0.0551	 -0.1360	  1.8247	  0.0000
 30.4584	  5.2981	  0.0063	 -0.1286	  1.8209	  0.0000
 31.5406	  5.2981	 -0.0001	 -0.0668	  2.0444	  0.0000
 32.6227	  5.2981	 -0.0189	 -0.0482	  1.7388	  0.0000
 33.7049	  5.2981	 -0.0192	 -0.0725	  1.9266	  0.0000
 34.7871	  5.2981	 -0.0223	 -0.0449	  1.9385	  0.0000
 35.8692	  5.2981	 -0.0041	 -0.0327	  1.9377	  0.0000
 36.9514	  5.2981	  0.0284	 -0.0684	  2.0321	  0.0000
 38.0336	  5.2981	 -0.0151	 -0.0540	  2.0260	  0.0000
 39.1157	  5.2981	 -0.0043	 -0.0550	  1.9740	  0.0000
 40.1979	  5.2981	  0.0319	 -0.0284	  2.1507	  0.0000
 41.2801	  5.2981	  0.0216	 -0.0336	  2.5074	  0.0000
 42.3622	  5.2981	  0.0279	 -0.0425	  2.3202	  0.0000
 43.4444	  5.2981	  0.0138	 -0.0314	  2.2105	  0.0000
  1.2400	  6.3803	 -0.1019	 -0.0048	  1.8939	  0.0000
  2.3221	  6.3803	 -0.0428	 -0.0778	  1.8651	  0.0000
  3.4043	  6.3803	 -0.0536	 -0.2149	  1.6996	  0.0000
  4.4865	  6.3803	 -0.0370	 -0.1489	  1.6973	  0.0000
  5.5686	  6.3803	 -0.0280	 -0.2201	  1.7188	  0.0000
  6.6508	  6.3803	 -0.0143	 -0.1162	  1.6957	  0.0000
  7.7330	  6.3803	 -0.1017	  0.1672	  1.6029	  0.0000
  8.8151	  6.3803	 -0.5031	  0.0065	  1.6837	  0.0000
  9.8973	  6.3803	 -0.6313	 -0.0760	  1.8010	  0.0000
 10.9795	  6.3803	 -0.6696	 -0.1173	  1.4732	  0.0000
 12.0616	  6.3803	 -0.6202	 -0.1638	  1.5209	  0.0000
 13.1438	  6.3803	 -0.6029	 -0.0748	  1.5730	  0.0000
 14.2260	  6.3803	 -0.4666	  0.0353	  1.4366	  0.0000
 15.3081	  6.3803	 -0.2571	 -0.0824	  1.5570	  0.0000
 16.3903	  6.3803	 -0.3290	 -0.0427	  1.7327	  0.0000
 17.4724	  6.3803	 -0.3520	  0.0935	  1.6318	  0.0000
 18.5546	  6.3803	 -0.3606	  0.1557	  1.2484	  0.0000
 19.6368	  6.3803	 -0.3927	  0.0582	  1.6955	  0.0000
 20.7189	  6.3803	 -0.3140	  0.0094	  1.2738	  0.0000
 21.8011	  6.3803	 -0.1459	 -0.0657	  1.7049	  0.0000
 22.8833	  6.3803	 -0.2490	  0.0505	  1.3378	  0.0000
 23.9654	  6.3803	 -0.4363	  0.5663	  1.3300	  0.0000
 25.0476	  6.3803	 -0.5761	  0.4636	  1.3782	  0.0000
 26.1298	  6.3803	 -0.6156	  0.1117	  1.4327	  0.0000
 27.2119	  6.3803	 -0.2607	 -0.0620	  1.3416	  0.0000
 28.2941	  6.3803	 -0.0793	 -0.0885	  1.4175	  0.0000
 29.3763	  6.3803	 -0.0472	 -0.0599	  1.5061	  0.0000
 30.4584	  6.3803	 -0.0164	 -0.1000	  1.9653	  0.0000
 31.5406	  6.3803	 -0.0043	 -0.0400	  1.9141	  0.0000
 32.6227	  6.3803	 -0.0194	 -0.0820	  1.9259	  0.0000
 33.7049	  6.3803	 -0.0338	 -0.0778	  0.0000	  1.0000
 34.7871	  6.3803	 -0.0147	 -0.0178	  2.0929	  0.0000
 35.8692	  6.3803	 -0.0316	 -0.0354	  1.8949	  0.0000
 36.9514	  6.3803	  0.0131	 -0.0538	  1.7406	  0.0000
 38.0336	  6.3803	  0.0021	 -0.0043	  1.8930	  0.0000
 39.1157	  6.3803	 -0.0385	 -0.0191	  2.3049	  0.0000
 40.1979	  6.3803	 -0.0227	 -0.0247	  2.0741	  0.0000
 41.2801	  6.3803	  0.0102	 -0.0451	  2.1905	  0.0000
 42.3622	  6.3803	  0.0167	 -0.0188	  2.1176	  0.0000
 43.4444	  6.3803	  0.0228	 -0.0147	  2.4253	  0.0000
  1.2400	  7.4624	 -0.1429	 -0.0994	  1.9163	  0.0000
  2.3221	  7.4624	 -0.1501	 -0.2495	  1.7209	  0.0000
  3.4043	  7.4624	 -0.0940	 -0.4228	  1.5656	  0.0000
  4.4865	  7.4624	 -0.0914	 -0.2834	  1.5943	  0.0000
  5.5686	  7.4624	 -0.0486	 -0.2760	  1.7616	  0.0000
  6.6508	  7.4624	 -0.2021	 -0.0636	  1.7900	  0.0000
  7.7330	  7.4624	 -0.5295	  0.0512	  1.6831	  0.0000
  8.8151	  7.4624	 -0.7031	 -0.0438	  1.6272	  0.0000
  9.8973	  7.4624	 -0.6459	 -0.2531	  1.5513	  0.0000
 10.9795	  7.4624	 -0.5986	 -0.2373	  1.2817	  0.0000
 12.0616	  7.4624	 -0.5143	 -0.1785	  1.3935	  0.0000
 13.1438	  7.4624	 -0.6062	 -0.1303	  1.6589	  0.0000
 14.2260	  7.4624	 -0.4922	 -0.0223	  1.6178	  0.0000
 15.3081	  7.4624	 -0.5112	 -0.0487	  1.8456	  0.0000
 16.3903	  7.4624	 -0.5037	 -0.0346	  2.0546	  0.0000
 17.4724	  7.4624	 -0.4350	  0.0127	  1.6717	  0.0000
 18.5546	  7.4624	 -0.5427	  0.0368	  1.6906	  0.0000
 19.6368	  7.4624	 -0.5424	  0.0875	  1.6415	  0.0000
 20.7189	  7.4624	 -0.3201	  0.0347	  1.4012	  0.0000
 21.8011	  7.4624	 -0.1503	  0.0904	  1.4429	  0.0000
 22.8833	  7.4624	 -0.4283	  0.1164	  1.4225	  0.0000
 23.9654	  7.4624	 -0.6420	  0.4699	  1.3519	  0.0000
 25.0476	  7.4624	 -0.7166	  0.4956	  1.6476	  0.0000
 26.1298	  7.4624	 -0.6959	  0.3685	  1.4670	  0.0000
 27.2119	  7.4624	 -0.6330	  0.1912	  1.4394	  0.0000
 28.2941	  7.4624	 -0.3971	  0.0823	  1.4663	  0.0000
 29.3763	  7.4624	 -0.0881	 -0.0157	  1.7738	  0.0000
 30.4584	  7.4624	  0.0006	 -0.1236	  1.5663	  0.0000
 31.5406	  7.4624	  0.0157	 -0.0956	  1.7353	  0.0000
 32.6227	  7.4624	 -0.0506	 -0.1433	  1.7754	  0.0000
 33.7049	  7.4624	 -0.0473	 -0.0920	  2.1273	  0.0000
 34.7871	  7.4624	 -0.0093	 -0.0607	  2.0321	  0.0000
 35.8692	  7.4624	 -0.0047	 -0.0311	  1.9036	  0.0000
 36.9514	  7.4624	  0.0248	 -0.0307	  1.7368	  0.0000
 38.0336	  7.4624	  0.0191	 -0.0096	  2.1122	  0.0000
 39.1157	  7.4624	  0.0020	 -0.0102	  2.2138	  0.0000
 40.1979	  7.4624	 -0.0320	 -0.0348	  1.8750	  0.0000
 41.2801	  7.4624	 -0.0200	 -0.0282	  1.9968	  0.0000
 42.3622	  7.4624	  0.0125	 -0.0512	  2.1825	  0.0000
 43.4444	  7.4624	  0.0324	 -0.0355	  2.4900	  0.0000
  1.2400	  8.5446	 -0.5249	 -0.1127	  1.3949	  0.0000
  2.3221	  8.5446	 -0.2537	 -0.3790	  1.3360	  0.0000
  3.4043	  8.5446	 -0.1384	 -0.2524	  1.3843	  0.0000
  4.4865	  8.5446	 -0.2419	 -0.0658	  1.4751	  0.0000
  5.5686	  8.5446	 -0.3982	 -0.1596	  1.6731	  0.0000
  6.6508	  8.5446	 -0.6757	 -0.1201	  1.8581	  0.0000
  7.7330	  8.5446	 -0.8577	 -0.0763	  1.5669	  0.0000
  8.8151	  8.5446	 -0.8975	 -0.1517	  1.5180	  0.0000
  9.8973	  8.5446	 -0.7001	 -0.4067	  1.4175	  0.0000
 10.9795	  8.5446	 -0.6655	 -0.5200	  1.3900	  0.0000
 12.0616	  8.5446	 -0.6371	 -0.4752	  1.4373	  0.0000
 13.1438	  8.5446	 -0.5944	 -0.2167	  1.3621	  0.0000
 14.2260	  8.5446	 -0.6744	 -0.0786	  1.7879	  0.0000
 15.3081	  8.5446	 -0.6685	 -0.0054	  2.1028	  0.0000
 16.3903	  8.5446	 -0.6571	  0.0305	  2.0102	  0.0000
 17.4724	  8.5446	 -0.6176	  0.0646	  1.6309	  0.0000
 18.5546	  8.5446	 -0.4646	  0.1050	  1.4984	  0.0000
 19.6368	  8.5446	 -0.5153	  0.0825	  1.3966	  0.0000
 20.7189	  8.5446	 -0.1361	  0.1348	  1.3127	  0.0000
 21.8011	  8.5446	 -0.5631	  0.4328	  1.3968	  0.0000
 22.8833	  8.5446	 -0.6342	  0.1750	  1.4454	  0.0000
 23.9654	  8.5446	 -0.7007	  0.4725	  1.5192	  0.0000
 25.0476	  8.5446	 -0.6346	  0.2232	  0.0000	  1.0000
 26.1298	  8.5446	 -0.7014	  0.5826	  1.6299	  0.0000
 27.2119	  8.5446	 -0.6569	  0.2334	  0.0000	  1.0000
 28.2941	  8.5446	 -0.7362	  0.4179	  1.2939	  0.0000
 29.3763	  8.5446	 -0.2448	  0.0616	  1.2176	  0.0000
 30.4584	  8.5446	 -0.1060	 -0.0907	  1.3463	  0.0000
 31.5406	  8.5446	 -0.0175	 -0.1449	  1.7758	  0.0000
 32.6227	  8.5446	 -0.0626	 -0.1230	  2.0179	  0.0000
 33.7049	  8.5446	 -0.0152	 -0.0952	  1.8714	  0.0000
 34.7871	  8.5446	 -0.0079	 -0.0860	  1.9060	  0.0000
 35.8692	  8.5446	 -0.0160	 -0.0693	  1.9870	  0.0000
 36.9514	  8.5446	 -0.0074	  0.0092	  2.0854	  0.0000
 38.0336	  8.5446	  0.0052	 -0.0343	  1.9538	  0.0000
 39.1157	  8.5446	  0.0276	 -0.0144	  1.9066	  0.0000
 40.1979	  8.5446	  0.0016	 -0.0290	  0.0000	  1.0000
 41.2801	  8.5446	  0.0014	 -0.0247	  2.1356	  0.0000
 42.3622	  8.5446	  0.0317	 -0.0419	  2.1447	  0.0000
 43.4444	  8.5446	  0.0257	 -0.0385	  2.0113	  0.0000
  1.2400	  9.6268	 -0.7363	  0.0325	  1.9718	  0.0000
  2.3221	  9.6268	 -0.9034	  0.0695	  1.6816	  0.0000
  3.4043	  9.6268	 -1.1603	 -0.0692	  1.8270	  0.0000
  4.4865	  9.6268	 -0.9871	 -0.0783	  1.6393	  0.0000
  5.5686	  9.6268	 -1.0206	 -0.3764	  1.3297	  0.0000
  6.6508	  9.6268	 -1.2307	 -0.5829	  1.8480	  0.0000
  7.7330	  9.6268	 -1.2281	 -0.5828	  1.4958	  0.0000
  8.8151	  9.6268	 -1.1540	 -0.5554	  1.5541	  0.0000
  9.8973	  9.6268	 -0.8699	 -0.5340	  1.4473	  0.0000
 10.9795	  9.6268	 -0.8202	 -0.5069	  1.2216	  0.0000
 12.0616	  9.6268	 -0.8794	 -0.4215	  1.2053	  0.0000
 13.1438	  9.6268	 -0.8633	 -0.1320	  1.5239	  0.0000
 14.2260	  9.6268	 -0.7621	 -0.0566	  1.6573	  0.0000
 15.3081	  9.6268	 -0.7171	  0.0226	  1.8936	  0.0000
 16.3903	  9.6268	 -0.6865	  0.1313	  1.7839	  0.0000
 17.4724	  9.6268	 -0.6305	  0.1936	  1.5884	  0.0000
 18.5546	  9.6268	 -0.5771	  0.1436	  1.5003	  0.0000
 19.6368	  9.6268	 -0.3735	  0.1588	  1.3650	  0.0000
 20.7189	  9.6268	 -0.1457	  0.0920	  1.3637	  0.0000
 21.8011	  9.6268	 -0.2632	  0.0463	  1.4107	  0.0000
 22.8833	  9.6268	 -0.6707	  0.0918	  1.4026	  0.0000
 23.9654	  9.6268	 -0.6489	  0.1294	  1.4728	  0.0000
 25.0476	  9.6268	 -0.8122	  0.2439	  0.0000	  1.0000
 26.1298	  9.6268	 -1.2450	  0.6309	  1.4062	  0.0000
 27.2119	  9.6268	 -1.2825	  0.5628	  1.5438	  0.0000
 28.2941	  9.6268	 -1.3221	  0.6530	  1.6358	  0.0000
 29.3763	  9.6268	 -1.2839	  0.6293	  1.4003	  0.0000
 30.4584	  9.6268	 -0.7593	 -0.0669	  1.2397	  0.0000
 31.5406	  9.6268	 -0.1288	 -0.4058	  1.3577	  0.0000
 32.6227	  9.6268	 -0.1220	 -0.1919	  1.7357	  0.0000
 33.7049	  9.6268	 -0.0242	 -0.1212	  1.7161	  0.0000
 34.7871	  9.6268	 -0.0958	 -0.0573	  1.8364	  0.0000
 35.8692	  9.6268	 -0.0600	 -0.0698	  1.9592	  0.0000
 36.9514	  9.6268	 -0.0685	 -0.0658	  0.0000	  1.0000
 38.0336	  9.6268	 -0.0131	 -0.0289	  2.0844	  0.0000
 39.1157	  9.6268	 -0.0277	 -0.0391	  0.0000	  1.0000
 40.1979	  9.6268	  0.0133	  0.0221	  1.9416	  0.0000
 41.2801	  9.6268	  0.0076	 -0.0090	  1.8513	  0.0000
 42.3622	  9.6268	  0.0108	 -0.0365	  0.0000	  1.0000
 43.4444	  9.6268	  0.0428	 -0.0429	  2.1398	  0.0000
  1.2400	 10.7089	 -0.8135	 -0.0840	  1.4805	  0.0000
  2.3221	 10.7089	 -1.2833	 -0.0521	  1.5791	  0.0000
  3.4043	 10.7089	 -1.4168	 -0.0592	  2.1612	  0.0000
  4.4865	 10.7089	 -1.2455	 -0.1025	  1.6091	  0.0000
  5.5686	 10.7089	 -0.9851	 -0.1763	  0.0000	  1.0000
  6.6508	 10.7089	 -1.3207	 -0.5708	  1.8178	  0.0000
  7.7330	 10.7089	 -1.3121	 -0.6110	  1.6549	  0.0000
  8.8151	 10.7089	 -1.2876	 -0.5629	  1.4995	  0.0000
  9.8973	 10.7089	 -1.2514	 -0.3944	  1.1905	  0.0000
 10.9795	 10.7089	 -1.2783	 -0.2151	  1.3703	  0.0000
 12.0616	 10.7089	 -1.1306	 -0.1180	  1.5441	  0.0000
 13.1438	 10.7089	 -0.9190	  0.0155	  1.4482	  0.0000
 14.2260	 10.7089	 -0.8164	  0.0619	  1.7784	  0.0000
 15.3081	 10.7089	 -0.7417	  0.0733	  1.8341	  0.0000
 16.3903	 10.7089	 -0.7397	  0.0593	  0.0000	  1.0000
 17.4724	 10.7089	 -0.6913	  0.0857	  1.5881	  0.0000
 18.5546	 10.7089	 -0.6445	  0.0794	  1.4926	  0.0000
 19.6368	 10.7089	 -0.4932	  0.1784	  1.2022	  0.0000
 20.7189	 10.7089	 -0.0630	  0.1212	  1.3551	  0.0000
 21.8011	 10.7089	 -0.2169	 -0.0391	  1.5759	  0.0000
 22.8833	 10.7089	 -0.7067	 -0.0344	  1.6878	  0.0000
 23.9654	 10.7089	 -0.7173	 -0.0290	  1.8192	  0.0000
 25.0476	 10.7089	 -0.7384	  0.0481	  1.5579	  0.0000
 26.1298	 10.7089	 -1.1966	  0.6816	  1.4208	  0.0000
 27.2119	 10.7089	 -1.4272	  0.6208	  1.7744	  0.0000
 28.2941	 10.7089	 -1.4131	  0.7014	  1.5191	  0.0000
 29.3763	 10.7089	 -1.3926	  0.7034	  1.4767	  0.0000
 30.4584	 10.7089	 -1.2653	  0.0543	  1.2685	  0.0000
 31.5406	 10.7089	 -0.7069	 -0.0187	  1.3547	  0.0000
 32.6227	 10.7089	 -0.2590	 -0.2149	  1.3910	  0.0000
 33.7049	 10.7089	 -0.0856	 -0.0999	  1.6078	  0.0000
 34.7871	 10.7089	 -0.0982	 -0.1181	  1.8651	  0.0000
 35.8692	 10.7089	 -0.1638	 -0.0931	  0.0000	  1.0000
 36.9514	 10.7089	 -0.0244	 -0.0539	  2.1462	  0.0000
 38.0336	 10.7089	 -0.0550	 -0.0225	  2.0285	  0.0000
 39.1157	 10.7089	 -0.0287	  0.0255	  1.8720	  0.0000
 40.1979	 10.7089	  0.0171	 -0.0114	  1.9737	  0.0000
 41.2801	 10.7089	 -0.0128	 -0.0563	  0.0000	  1.0000
 42.3622	 10.7089	  0.0349	 -0.0386	  1.9471	  0.0000
 43.4444	 10.7089	  0.0509	 -0.0695	  1.8773	  0.0000
  1.2400	 11.7911	 -1.3170	 -0.3862	  1.5483	  0.0000
  2.3221	 11.7911	 -1.3988	 -0.2589	  1.3942	  0.0000
  3.4043	 11.7911	 -1.6282	 -0.1821	  1.4569	  0.0000
  4.4865	 11.7911	 -1.7755	 -0.2199	  1.2354	  0.0000
  5.5686	 11.7911	 -1.5551	 -0.3113	  1.2157	  0.0000
  6.6508	 11.7911	 -1.3417	 -0.2364	  1.5486	  0.0000
  7.7330	 11.7911	 -1.3199	 -0.2573	  1.7284	  0.0000
  8.8151	 11.7911	 -1.2716	 -0.1865	  1.5852	  0.0000
  9.8973	 11.7911	 -1.0416	 -0.1903	  0.0000	  1.0000
 10.9795	 11.7911	 -1.1975	 -0.0181	  1.7419	  0.0000
 12.0616	 11.7911	 -0.8812	 -0.0144	  1.6529	  0.0000
 13.1438	 11.7911	 -0.7536	  0.0935	  1.8586	  0.0000
 14.2260	 11.7911	 -0.7176	  0.0767	  1.7194	  0.0000
 15.3081	 11.7911	 -0.6892	  0.0304	  1.8879	  0.0000
 16.3903	 11.7911	 -0.7103	 -0.0238	  1.7722	  0.0000
 17.4724	 11.7911	 -0.7717	 -0.0055	  1.6428	  0.0000
 18.5546	 11.7911	 -0.8754	  0.1303	  1.1984	  0.0000
 19.6368	 11.7911	 -0.9494	  0.6220	  1.2418	  0.0000
 20.7189	 11.7911	 -0.5167	  0.6095	  1.2193	  0.0000
 21.8011	 11.7911	 -0.9040	  0.0045	  1.3447	  0.0000
 22.8833	 11.7911	 -0.9040	 -0.0508	  1.3940	  0.0000
 23.9654	 11.7911	 -0.8019	  0.0238	  1.3266	  0.0000
 25.0476	 11.7911	 -0.7709	  0.0627	  1.4916	  0.0000
 26.1298	 11.7911	 -0.9860	  0.1108	  1.2442	  0.0000
 27.2119	 11.7911	 -1.4952	  0.4740	  1.4144	  0.0000
 28.2941	 11.7911	 -1.5152	  0.6217	  1.3099	  0.0000
 29.3763	 11.7911	 -1.2246	  0.5772	  1.2011	  0.0000
 30.4584	 11.7911	 -0.9003	  0.1527	  1.1110	  0.0000
 31.5406	 11.7911	 -0.7334	  0.0201	  1.7088	  0.0000
 32.6227	 11.7911	 -0.5230	 -0.0728	  1.4877	  0.0000
 33.7049	 11.7911	 -0.5048	 -0.1250	  0.0000	  1.0000
 34.7871	 11.7911	 -0.1304	 -0.1972	  1.5154	  0.0000
 35.8692	 11.7911	 -0.0918	 -0.1038	  1.4887	  0.0000
 36.9514	 11.7911	 -0.1228	  0.0057	  1.5806	  0.0000
 38.0336	 11.7911	 -0.0944	  0.0091	  1.9785	  0.0000
 39.1157	 11.7911	 -0.0228	  0.0624	  1.8772	  0.0000
 40.1979	 11.7911	  0.0440	 -0.0356	  1.8333	  0.0000
 41.2801	 11.7911	  0.0304	 -0.0843	  2.0161	  0.0000
 42.3622	 11.7911	  0.0088	 -0.0570	  1.9353	  0.0000
 43.4444	 11.7911	  0.0288	 -0.0348	  1.9965	  0.0000
  1.2400	 12.8732	 -1.9988	 -0.4562	  1.4587	  0.0000
  2.3221	 12.8732	 -1.5593	 -0.1869	  1.3568	  0.0000
  3.4043	 12.8732	 -1.4964	 -0.1109	  1.6610	  0.0000
  4.4865	 12.8732	 -1.3542	 -0.0676	  1.6506	  0.0000
  5.5686	 12.8732	 -1.1531	 -0.0585	  1.2716	  0.0000
  6.6508	 12.8732	 -0.9416	  0.0591	  1.4635	  0.0000
  7.7330	 12.8732	 -0.9700	  0.0280	  1.5998	  0.0000
  8.8151	 12.8732	 -1.0548	  0.0253	  1.5578	  0.0000
  9.8973	 12.8732	 -0.8913	 -0.0061	  1.6488	  0.0000
 10.9795	 12.8732	 -0.9686	  0.0629	  1.5820	  0.0000
 12.0616	 12.8732	 -1.1038	 -0.0941	  0.0000	  1.0000
 13.1438	 12.8732	 -0.7646	  0.0969	  1.8696	  0.0000
 14.2260	 12.8732	 -0.7390	  0.0450	  1.5607	  0.0000
 15.3081	 12.8732	 -0.7999	 -0.0875	  1.4688	  0.0000
 16.3903	 12.8732	 -0.8053	 -0.3235	  1.3748	  0.0000
 17.4724	 12.8732	 -0.9636	 -0.1379	  1.3092	  0.0000
 18.5546	 12.8732	 -1.2178	  0.2167	  1.2147	  0.0000
 19.6368	 12.8732	 -1.3387	  0.9372	  1.3067	  0.0000
 20.7189	 12.8732	 -0.9658	  0.1949	  0.0000	  1.0000
 21.8011	 12.8732	 -1.5368	  0.0651	  1.2658	  0.0000
 22.8833	 12.8732	 -1.3150	  0.0756	  1.4534	  0.0000
 23.9654	 12.8732	 -1.3146	  0.2644	  1.2339	  0.0000
 25.0476	 12.8732	 -1.2108	  0.0530	  1.3422	  0.0000
 26.1298	 12.8732	 -1.2445	 -0.0573	  1.4098	  0.0000
 27.2119	 12.8732	 -1.1434	  0.2055	  1.1565	  0.0000
 28.2941	 12.8732	 -1.3325	  0.4614	  1.3001	  0.0000
 29.3763	 12.8732	 -1.3645	  0.2445	  1.1146	  0.0000
 30.4584	 12.8732	 -1.2237	  0.1575	  1.2910	  0.0000
 31.5406	 12.8732	 -0.8826	  0.0266	  1.2808	  0.0000
 32.6227	 12.8732	 -0.6599	 -0.2506	  1.3728	  0.0000
 33.7049	 12.8732	 -0.4384	 -0.4562	  1.2798	  0.0000
 34.7871	 12.8732	 -0.3323	 -0.5506	  1.4419	  0.0000
 35.8692	 12.8732	 -0.3876	 -0.2304	  1.2805	  0.0000
 36.9514	 12.8732	 -0.3457	  0.0104	  1.5276	  0.0000
 38.0336	 12.8732	 -0.1648	 -0.0002	  1.5133	  0.0000
 39.1157	 12.8732	  0.0421	  0.0431	  1.4598	  0.0000
 40.1979	 12.8732	  0.0580	 -0.0980	  1.2315	  0.0000
 41.2801	 12.8732	  0.0640	 -0.2524	  1.5371	  0.0000
 42.3622	 12.8732	 -0.0273	 -0.1123	  1.7278	  0.0000
 43.4444	 12.8732	 -0.0458	 -0.0270	  1.9599	  0.0000
  1.2400	 13.9554	 -2.1134	 -0.0456	  1.6496	  0.0000
  2.3221	 13.9554	 -1.7418	 -0.1412	  1.3280	  0.0000
  3.4043	 13.9554	 -1.4217	  0.0455	  1.7311	  0.0000
  4.4865	 13.9554	 -0.8226	  0.2702	  1.4652	  0.0000
  5.5686	 13.9554	 -0.6524	  0.0411	  1.8359	  0.0000
  6.6508	 13.9554	 -1.3893	 -0.0955	  0.0000	  1.0000
  7.7330	 13.9554	 -0.6861	 -0.0374	  1.7755	  0.0000
  8.8151	 13.9554	 -0.9109	  0.0435	  1.6080	  0.0000
  9.8973	 13.9554	 -0.8958	 -0.0433	  1.6033	  0.0000
 10.9795	 13.9554	 -1.1125	 -0.0879	  1.4956	  0.0000
 12.0616	 13.9554	 -1.1555	 -0.0308	  1.3913	  0.0000
 13.1438	 13.9554	 -0.8883	  0.0139	  1.4435	  0.0000
 14.2260	 13.9554	 -0.9029	 -0.1217	  1.2545	  0.0000
 15.3081	 13.9554	 -1.2923	 -0.1709	  1.3562	  0.0000
 16.3903	 13.9554	 -1.2045	 -0.1451	  1.3652	  0.0000
 17.4724	 13.9554	 -0.9685	  0.1052	  1.2282	  0.0000
 18.5546	 13.9554	 -0.7477	  0.3951	  1.4558	  0.0000
 19.6368	 13.9554	 -0.6645	  0.2605	  1.0853	  0.0000
 20.7189	 13.9554	 -1.3807	  0.6401	  1.4617	  0.0000
 21.8011	 13.9554	 -1.4186	  0.1680	  1.2673	  0.0000
 22.8833	 13.9554	 -1.4446	 -0.1032	  1.3078	  0.0000
 23.9654	 13.9554	 -1.4812	 -0.0767	  1.0801	  0.0000
 25.0476	 13.9554	 -1.2099	  0.0784	  1.0218	  1.0000
 26.1298	 13.9554	 -0.6963	 -0.0814	  1.3472	  0.0000
 27.2119	 13.9554	 -0.5962	  0.1708	  1.4558	  0.0000
 28.2941	 13.9554	 -0.7276	  0.1827	  1.4398	  0.0000
 29.3763	 13.9554	 -1.3092	  0.1140	  1.4690	  0.0000
 30.4584	 13.9554	 -1.3808	  0.0736	  1.6834	  0.0000
 31.5406	 13.9554	 -1.3198	  0.0283	  1.3204	  0.0000
 32.6227	 13.9554	 -0.7137	 -0.0441	  1.4697	  0.0000
 33.7049	 13.9554	 -0.6168	 -0.1629	  1.3711	  0.0000
 34.7871	 13.9554	 -0.5057	 -0.6140	  1.4030	  0.0000
 35.8692	 13.9554	 -0.5640	 -0.2743	  1.2703	  0.0000
 36.9514	 13.9554	 -0.6499	 -0.0470	  1.3658	  0.0000
 38.0336	 13.9554	 -0.3973	  0.2637	  1.0751	  0.0000
 39.1157	 13.9554	  0.4333	  0.1178	  1.1439	  0.0000
 40.1979	 13.9554	  0.2524	 -0.7065	  1.3253	  0.0000
 41.2801	 13.9554	 -0.1931	 -0.6124	  1.2706	  0.0000
 42.3622	 13.9554	 -0.5695	 -0.1678	  0.0000	  1.0000
 43.4444	 13.9554	 -0.1421	 -0.0155	  1.7253	  0.0000
  1.2400	 15.0376	 -1.8868	  0.0604	  1.5072	  0.0000
  2.3221	 15.0376	 -2.0096	  0.1166	  1.6417	  0.0000
  3.4043	 15.0376	 -1.7886	  0.4893	  1.4242	  0.0000
  4.4865	 15.0376	 -1.5785	  0.7773	  1.5731	  0.0000
  5.5686	 15.0376	 -1.1223	  0.1533	  1.3637	  0.0000
  6.6508	 15.0376	 -1.1548	 -0.0706	  1.4511	  0.0000
  7.7330	 15.0376	 -0.9750	 -0.1862	  1.3742	  0.0000
  8.8151	 15.0376	 -1.2461	 -0.0628	  1.6657	  0.0000
  9.8973	 15.0376	 -1.3615	 -0.0704	  1.7433	  0.0000
 10.9795	 15.0376	 -1.4507	 -0.1925	  1.6762	  0.0000
 12.0616	 15.0376	 -1.3834	 -0.1244	  1.6521	  0.0000
 13.1438	 15.0376	 -1.3431	 -0.0045	  1.5401	  0.0000
 14.2260	 15.0376	 -1.2866	 -0.2610	  1.3799	  0.0000
 15.3081	 15.0376	 -1.3531	 -0.0353	  1.4293	  0.0000
 16.3903	 15.0376	 -1.3976	  0.0707	  1.5802	  0.0000
 17.4724	 15.0376	 -1.2460	  0.6735	  1.4177	  0.0000
 18.5546	 15.0376	 -0.9091	  0.5015	  1.3693	  0.0000
 19.6368	 15.0376	 -0.9877	  0.3512	  1.2579	  0.0000
 20.7189	 15.0376	 -1.2287	  0.2233	  1.3937	  0.0000
 21.8011	 15.0376	 -1.3351	 -0.0043	  1.7011	  0.0000
 22.8833	 15.0376	 -1.2741	 -0.0264	  1.5630	  0.0000
 23.9654	 15.0376	 -1.1142	  0.0835	  1.4065	  0.0000
 25.0476	 15.0376	 -0.8193	 -0.0394	  1.3029	  0.0000
 26.1298	 15.0376	 -0.6794	 -0.0657	  1.4398	  0.0000
 27.2119	 15.0376	 -0.7165	  0.0306	  1.4528	  0.0000
 28.2941	 15.0376	 -0.8702	  0.1180	  1.2405	  0.0000
 29.3763	 15.0376	 -1.4229	  0.0874	  1.6265	  0.0000
 30.4584	 15.0376	 -1.5154	  0.1022	  1.3780	  0.0000
 31.5406	 15.0376	 -1.6113	  0.0489	  1.0287	  1.0000
 32.6227	 15.0376	 -0.8969	  0.4538	  1.0634	  0.0000
 33.7049	 15.0376	 -1.4633	 -0.0538	  1.0180	  1.0000
 34.7871	 15.0376	 -0.7422	 -0.8029	  1.3629	  0.0000
 35.8692	 15.0376	 -0.8255	 -0.6590	  1.4307	  0.0000
 36.9514	 15.0376	 -0.8584	 -0.4125	  1.1419	  0.0000
 38.0336	 15.0376	 -1.5110	  1.2287	  1.1612	  0.0000
 39.1157	 15.0376	 -0.9995	 -0.1768	  1.0479	  1.0000
 40.1979	 15.0376	 -0.1293	 -0.7744	  1.1173	  0.0000
 41.2801	 15.0376	 -0.8931	 -0.6614	  1.3265	  0.0000
 42.3622	 15.0376	 -0.5521	 -0.2550	  1.5275	  0.0000
 43.4444	 15.0376	 -0.4483	 -0.0465	  1.5425	  0.0000
  1.2400	 16.1197	 -1.6218	 -0.1143	  1.6150	  0.0000
  2.3221	 16.1197	 -1.9950	  0.2012	  1.6793	  0.0000
  3.4043	 16.1197	 -1.9385	  0.2618	  1.5917	  0.0000
  4.4865	 16.1197	 -1.9448	  0.6456	  1.5983	  0.0000
  5.5686	 16.1197	 -2.0083	  0.1259	  1.3735	  0.0000
  6.6508	 16.1197	 -1.8053	 -0.1347	  1.2956	  0.0000
  7.7330	 16.1197	 -1.4319	 -0.4692	  1.5576	  0.0000
  8.8151	 16.1197	 -1.3547	 -0.3038	  1.5882	  0.0000
  9.8973	 16.1197	 -1.4177	 -0.2377	  1.4413	  0.0000
 10.9795	 16.1197	 -1.3803	 -0.3089	  1.2972	  0.0000
 12.0616	 16.1197	 -1.4713	 -0.1600	  1.4738	  0.0000
 13.1438	 16.1197	 -1.9017	  0.4408	  1.2258	  0.0000
 14.2260	 16.1197	 -1.5909	  0.0706	  1.2406	  0.0000
 15.3081	 16.1197	 -2.0278	  0.5299	  1.2469	  0.0000
 16.3903	 16.1197	 -1.9609	  0.6462	  1.4598	  0.0000
 17.4724	 16.1197	 -1.7551	  0.5811	  1.1216	  0.0000
 18.5546	 16.1197	 -1.3314	  0.5321	  1.4375	  0.0000
 19.6368	 16.1197	 -1.4084	  0.6011	  1.4517	  0.0000
 20.7189	 16.1197	 -1.5269	  0.1266	  1.2299	  0.0000
 21.8011	 16.1197	 -1.5098	  0.2560	  0.0000	  1.0000
 22.8833	 16.1197	 -1.1436	  0.0935	  1.4947	  0.0000
 23.9654	 16.1197	 -1.2277	  0.0017	  1.3444	  0.0000
 25.0476	 16.1197	 -1.0273	  0.0839	  1.2918	  0.0000
 26.1298	 16.1197	 -0.7740	 -0.4173	  1.0973	  0.0000
 27.2119	 16.1197	 -1.4550	 -0.1116	  1.2918	  0.0000
 28.2941	 16.1197	 -2.0111	 -0.0451	  1.4191	  0.0000
 29.3763	 16.1197	 -2.0483	  0.0795	  1.5035	  0.0000
 30.4584	 16.1197	 -1.9828	  0.1851	  1.2856	  0.0000
 31.5406	 16.1197	 -2.0315	  0.0730	  1.0179	  1.0000
 32.6227	 16.1197	 -2.0962	  1.1834	  1.1096	  0.0000
 33.7049	 16.1197	 -1.9594	 -0.0120	  1.0071	  1.0000
 34.7871	 16.1197	 -1.8746	 -0.8950	  1.1631	  0.0000
 35.8692	 16.1197	 -1.2990	 -0.6175	  1.4113	  0.0000
 36.9514	 16.1197	 -1.5893	 -0.2111	  1.0160	  1.0000
 38.0336	 16.1197	 -1.4860	 -0.2907	  1.0438	  1.0000
 39.1157	 16.1197	 -2.4481	  0.8591	  1.1195	  0.0000
 40.1979	 16.1197	 -2.2086	  0.4580	  1.1524	  0.0000
 41.2801	 16.1197	 -1.4164	 -0.5077	  1.2898	  0.0000
 42.3622	 16.1197	 -1.2492	 -0.5903	  1.4984	  0.0000
 43.4444	 16.1197	 -0.9122	 -0.3411	  1.2694	  0.0000
  1.2400	 17.2019	 -1.9577	 -0.1035	  1.7926	  0.0000
  2.3221	 17.2019	 -2.1682	  0.1967	  1.5026	  0.0000
  3.4043	 17.2019	 -2.0895	  0.3476	  1.4140	  0.0000
  4.4865	 17.2019	 -2.5370	  0.2246	  1.3344	  0.0000
  5.5686	 17.2019	 -2.2226	 -0.1712	  1.2770	  0.0000
  6.6508	 17.2019	 -1.9345	 -0.4777	  1.4193	  0.0000
  7.7330	 17.2019	 -1.5433	 -0.5719	  1.5895	  0.0000
  8.8151	 17.2019	 -1.5824	 -0.5534	  1.3436	  0.0000
  9.8973	 17.2019	 -1.6464	 -0.4275	  1.1935	  0.0000
 10.9795	 17.2019	 -1.6275	 -0.6299	  1.2891	  0.0000
 12.0616	 17.2019	 -2.1688	 -0.3017	  1.1116	  0.0000
 13.1438	 17.2019	 -2.7735	  0.6286	  1.0728	  0.0000
 14.2260	 17.2019	 -2.8043	  0.4872	  1.3388	  0.0000
 15.3081	 17.2019	 -2.5817	  0.6011	  1.6139	  0.0000
 16.3903	 17.2019	 -2.1457	  0.6924	  1.5290	  0.0000
 17.4724	 17.2019	 -2.1214	  0.5359	  1.0889	  0.0000
 18.5546	 17.2019	 -1.7496	  0.4998	  1.0407	  1.0000
 19.6368	 17.2019	 -2.0222	  0.1757	  1.3942	  0.0000
 20.7189	 17.2019	 -1.9610	  0.6310	  1.4500	  0.0000
 21.8011	 17.2019	 -1.6016	  0.4554	  1.3094	  0.0000
 22.8833	 17.2019	 -1.3702	 -0.0046	  1.3547	  0.0000
 23.9654	 17.2019	 -1.5520	 -0.1849	  1.1417	  0.0000
 25.0476	 17.2019	 -1.9238	 -0.1703	  1.2358	  0.0000
 26.1298	 17.2019	 -2.2056	 -0.6314	  1.1355	  0.0000
 27.2119	 17.2019	 -1.8983	 -0.0981	  0.0000	  1.0000
 28.2941	 17.2019	 -2.4301	 -0.0852	  1.2589	  0.0000
 29.3763	 17.2019	 -2.5033	  0.1866	  1.0790	  0.0000
 30.4584	 17.2019	 -2.3508	  0.1074	  1.0030	  1.0000
 31.5406	 17.2019	 -2.6739	  0.5982	  1.1518	  0.0000
 32.6227	 17.2019	 -3.3274	  0.7183	  1.2117	  0.0000
 33.7049	 17.2019	 -2.7336	  0.6852	  1.2121	  0.0000
 34.7871	 17.2019	 -1.8953	 -0.8043	  1.1442	  0.0000
 35.8692	 17.2019	 -2.1732	 -0.1037	  0.0000	  1.0000
 36.9514	 17.2019	 -2.5026	  0.1165	  1.1377	  0.0000
 38.0336	 17.2019	 -1.9091	 -0.3108	  0.0000	  1.0000
 39.1157	 17.2019	 -2.0786	 -0.2082	  1.1427	  0.0000
 40.1979	 17.2019	 -2.0572	 -0.0047	  1.3082	  0.0000
 41.2801	 17.2019	 -2.0212	 -0.1247	  1.2875	  0.0000
 42.3622	 17.2019	 -1.4436	 -0.6909	  1.5277	  0.0000
 43.4444	 17.2019	 -1.1956	 -0.6828	  1.5439	  0.0000
  1.2400	 18.2841	 -2.5198	 -0.1821	  1.4517	  0.0000
  2.3221	 18.2841	 -2.6780	 -0.0188	  1.4686	  0.0000
  3.4043	 18.2841	 -2.8237	  0.0109	  1.2331	  0.0000
  4.4865	 18.2841	 -2.8410	  0.0936	  1.6224	  0.0000
  5.5686	 18.2841	 -2.3437	 -0.1662	  0.0000	  1.0000
  6.6508	 18.2841	 -2.1702	 -0.6061	  1.4824	  0.0000
  7.7330	 18.2841	 -2.1114	 -0.6268	  1.4904	  0.0000
  8.8151	 18.2841	 -2.0574	 -0.2683	  1.3440	  0.0000
  9.8973	 18.2841	 -2.0441	 -0.3116	  1.2947	  0.0000
 10.9795	 18.2841	 -2.1348	 -0.7864	  1.4219	  0.0000
 12.0616	 18.2841	 -2.7400	 -0.1951	  1.3657	  0.0000
 13.1438	 18.2841	 -3.2481	  0.3328	  1.2021	  0.0000
 14.2260	 18.2841	 -3.1912	  0.5469	  1.2082	  0.0000
 15.3081	 18.2841	 -2.3818	  0.4727	  1.1905	  0.0000
 16.3903	 18.2841	 -2.2756	  0.6353	  1.4699	  0.0000
 17.4724	 18.2841	 -2.5787	  0.6361	  1.4622	  0.0000
 18.5546	 18.2841	 -2.2627	  0.7213	  1.3085	  0.0000
 19.6368	 18.2841	 -1.6607	  0.6669	  1.1682	  0.0000
 20.7189	 18.2841	 -1.7387	  0.6767	  1.1634	  0.0000
 21.8011	 18.2841	 -1.9318	  0.8091	  1.3292	  0.0000
 22.8833	 18.2841	 -1.9199	 -0.2362	  1.2832	  0.0000
 23.9654	 18.2841	 -2.0675	 -0.4664	  1.4645	  0.0000
 25.0476	 18.2841	 -2.1550	 -0.2212	  1.3498	  0.0000
 26.1298	 18.2841	 -2.5309	 -0.5893	  1.1872	  0.0000
 27.2119	 18.2841	 -2.5906	 -0.6358	  1.4605	  0.0000
 28.2941	 18.2841	 -2.6758	 -0.2416	  1.1224	  0.0000
 29.3763	 18.2841	 -2.5386	 -0.0484	  1.0417	  1.0000
 30.4584	 18.2841	 -2.6921	  0.0373	  1.0158	  1.0000
 31.5406	 18.2841	 -3.1018	  0.7038	  1.1192	  0.0000
 32.6227	 18.2841	 -2.9155	  0.0556	  1.0202	  1.0000
 33.7049	 18.2841	 -2.9439	  0.0751	  1.0034	  1.0000
 34.7871	 18.2841	 -4.3050	 -0.6264	  1.0855	  0.0000
 35.8692	 18.2841	 -2.7264	 -0.0393	  1.0349	  1.0000
 36.9514	 18.2841	 -2.7716	 -0.0571	  1.2745	  0.0000
 38.0336	 18.2841	 -2.4380	 -0.1780	  1.0616	  0.0000
 39.1157	 18.2841	 -2.0483	 -0.4031	  1.2786	  0.0000
 40.1979	 18.2841	 -1.8724	 -0.2034	  1.2932	  0.0000
 41.2801	 18.2841	 -1.9140	 -0.6754	  1.2712	  0.0000
 42.3622	 18.2841	 -1.4533	 -0.7260	  1.3129	  0.0000
 43.4444	 18.2841	 -1.2121	 -0.6324	  1.0991	  0.0000
  1.2400	 19.3662	 -3.1546	 -0.4705	  1.2727	  0.0000
  2.3221	 19.3662	 -3.0337	 -0.2643	  1.2537	  0.0000
  3.4043	 19.3662	 -3.2458	 -0.1768	  1.3415	  0.0000
  4.4865	 19.3662	 -3.2527	 -0.0987	  1.4596	  0.0000
  5.5686	 19.3662	 -2.7635	 -0.1691	  1.5700	  0.0000
  6.6508	 19.3662	 -2.5084	 -0.2577	  0.0000	  1.0000
  7.7330	 19.3662	 -2.5585	 -0.3622	  1.4019	  0.0000
  8.8151	 19.3662	 -2.1253	 -0.0883	  1.3102	  0.0000
  9.8973	 19.3662	 -2.3883	 -0.2800	  1.2806	  0.0000
 10.9795	 19.3662	 -2.6468	 -0.5463	  1.4653	  0.0000
 12.0616	 19.3662	 -2.8120	 -0.1176	  1.4640	  0.0000
 13.1438	 19.3662	 -2.9417	  0.0747	  1.2411	  0.0000
 14.2260	 19.3662	 -2.9063	  0.0806	  1.4438	  0.0000
 15.3081	 19.3662	 -2.1567	  0.4789	  1.2458	  0.0000
 16.3903	 19.3662	 -2.1917	  0.4597	  1.3995	  0.0000
 17.4724	 19.3662	 -2.4333	  0.5965	  1.4500	  0.0000
 18.5546	 19.3662	 -2.1826	  0.9698	  1.4774	  0.0000
 19.6368	 19.3662	 -2.0724	  1.1562	  1.3442	  0.0000
 20.7189	 19.3662	 -1.9518	  0.6409	  1.2859	  0.0000
 21.8011	 19.3662	 -1.9514	  0.6365	  1.3949	  0.0000
 22.8833	 19.3662	 -2.0012	  0.0859	  1.2237	  0.0000
 23.9654	 19.3662	 -1.8387	 -0.2417	  1.2710	  0.0000
 25.0476	 19.3662	 -1.9966	 -0.0101	  1.4595	  0.0000
 26.1298	 19.3662	 -2.0679	 -0.2448	  1.3128	  0.0000
 27.2119	 19.3662	 -2.1373	 -0.6859	  1.3561	  0.0000
 28.2941	 19.3662	 -2.6854	 -0.2427	  1.0276	  1.0000
 29.3763	 19.3662	 -2.8547	 -0.1777	  1.0189	  1.0000
 30.4584	 19.3662	 -4.7639	  0.8266	  1.2135	  0.0000
 31.5406	 19.3662	 -5.3532	  1.2255	  1.0863	  0.0000
 32.6227	 19.3662	 -3.2499	  0.0509	  0.0000	  1.0000
 33.7049	 19.3662	 -3.3263	  0.1089	  1.0206	  1.0000
 34.7871	 19.3662	 -3.2488	  0.0764	  1.0391	  1.0000
 35.8692	 19.3662	 -3.2758	 -0.1998	  1.2714	  0.0000
 36.9514	 19.3662	 -3.3383	 -0.6225	  1.2351	  0.0000
 38.0336	 19.3662	 -2.9554	 -0.5066	  1.1037	  0.0000
 39.1157	 19.3662	 -2.5086	 -1.3292	  1.2821	  0.0000
 40.1979	 19.3662	 -2.0874	 -0.7092	  1.3854	  0.0000
 41.2801	 19.3662	 -2.0626	 -0.7877	  1.3619	  0.0000
 42.3622	 19.3662	 -1.8743	 -1.1880	  1.2136	  0.0000
 43.4444	 19.3662	 -2.8412	 -0.0290	  1.1643	  0.0000
  1.2400	 20.4484	 -2.8205	 -0.2868	  1.2530	  0.0000
  2.3221	 20.4484	 -2.5156	 -0.5015	  1.2463	  0.0000
  3.4043	 20.4484	 -3.1047	 -0.6759	  1.2361	  0.0000
  4.4865	 20.4484	 -3.3184	 -0.6734	  1.3294	  0.0000
  5.5686	 20.4484	 -3.2800	 -0.3318	  1.2333	  0.0000
  6.6508	 20.4484	 -3.2569	 -0.0243	  1.4645	  0.0000
  7.7330	 20.4484	 -2.9456	 -0.0425	  1.3988	  0.0000
  8.8151	 20.4484	 -2.6564	 -0.0636	  1.5864	  0.0000
  9.8973	 20.4484	 -2.7125	 -0.2446	  1.4252	  0.0000
 10.9795	 20.4484	 -2.7240	 -0.1747	  1.1729	  0.0000
 12.0616	 20.4484	 -2.7962	  0.0427	  1.4236	  0.0000
 13.1438	 20.4484	 -2.8228	  0.0302	  1.4812	  0.0000
 14.2260	 20.4484	 -2.8080	 -0.2025	  1.3441	  0.0000
 15.3081	 20.4484	 -1.9780	  0.4489	  1.2561	  0.0000
 16.3903	 20.4484	 -1.9992	  0.7197	  1.5645	  0.0000
 17.4724	 20.4484	 -1.7442	  0.8356	  1.3313	  0.0000
 18.5546	 20.4484	 -2.1201	  0.6138	  1.0235	  1.0000
 19.6368	 20.4484	 -2.0072	  1.1796	  1.2326	  0.0000
 20.7189	 20.4484	 -2.1862	  0.6872	  1.3124	  0.0000
 21.8011	 20.4484	 -2.0689	  0.5474	  1.3007	  0.0000
 22.8833	 20.4484	 -2.3092	  0.1695	  0.0000	  1.0000
 23.9654	 20.4484	 -1.4663	 -0.1261	  1.3769	  0.0000
 25.0476	 20.4484	 -1.5961	 -0.1370	  1.2244	  0.0000
 26.1298	 20.4484	 -2.0098	 -0.5210	  1.4324	  0.0000
 27.2119	 20.4484	 -2.0523	 -0.7229	  1.4806	  0.0000
 28.2941	 20.4484	 -2.9576	 -0.3843	  1.0105	  1.0000
 29.3763	 20.4484	 -3.0913	 -0.3453	  1.0295	  1.0000
 30.4584	 20.4484	 -4.9582	  0.5481	  1.2890	  0.0000
 31.5406	 20.4484	 -4.9290	 -0.1202	  1.0642	  0.0000
 32.6227	 20.4484	 -3.3998	 -0.0272	  1.0306	  1.0000
 33.7049	 20.4484	 -3.4889	  0.0811	  1.0346	  1.0000
 34.7871	 20.4484	 -4.6523	 -0.0836	  1.2896	  0.0000
 35.8692	 20.4484	 -3.2671	  0.1615	  1.0109	  1.0000
 36.9514	 20.4484	 -3.2024	  0.1421	  1.0082	  1.0000
 38.0336	 20.4484	 -3.5751	 -0.4746	  1.1775	  0.0000
 39.1157	 20.4484	 -2.6817	 -0.5709	  1.0904	  0.0000
 40.1979	 20.4484	 -2.3815	 -0.6312	  1.1707	  0.0000
 41.2801	 20.4484	 -1.9522	 -0.6797	  1.1565	  0.0000
 42.3622	 20.4484	 -1.9785	 -1.0269	  1.1116	  0.0000
 43.4444	 20.4484	 -2.7208	 -0.1985	  1.0740	  0.0000
  1.2400	 21.5306	 -3.0871	 -0.3859	  0.0000	  1.0000
  2.3221	 21.5306	 -2.8571	 -0.6440	  1.3170	  0.0000
  3.4043	 21.5306	 -3.2672	 -0.7237	  1.4085	  0.0000
  4.4865	 21.5306	 -3.3226	 -0.8299	  1.4728	  0.0000
  5.5686	 21.5306	 -2.8797	 -0.9080	  1.2497	  0.0000
  6.6508	 21.5306	 -3.1155	  0.0064	  1.3675	  0.0000
  7.7330	 21.5306	 -2.7101	 -0.1959	  0.0000	  1.0000
  8.8151	 21.5306	 -2.6689	 -0.0741	  1.6041	  0.0000
  9.8973	 21.5306	 -2.6286	 -0.0279	  1.6362	  0.0000
 10.9795	 21.5306	 -2.5464	  0.0333	  1.3306	  0.0000
 12.0616	 21.5306	 -2.4799	  0.2287	  1.3196	  0.0000
 13.1438	 21.5306	 -2.2989	  0.0988	  1.3801	  0.0000
 14.2260	 21.5306	 -2.5477	 -0.3825	  1.3969	  0.0000
 15.3081	 21.5306	 -2.0826	  0.1200	  1.2972	  0.0000
 16.3903	 21.5306	 -2.0155	  0.7268	  1.6547	  0.0000
 17.4724	 21.5306	 -2.0024	  0.8812	  1.4226	  0.0000
 18.5546	 21.5306	 -1.9974	  0.6829	  1.5396	  0.0000
 19.6368	 21.5306	 -2.0152	  0.7050	  1.3063	  0.0000
 20.7189	 21.5306	 -2.2666	  0.7023	  1.4389	  0.0000
 21.8011	 21.5306	 -2.2176	  0.7330	  1.2733	  0.0000
 22.8833	 21.5306	 -2.2039	  0.4204	  1.0929	  0.0000
 23.9654	 21.5306	 -2.0004	 -0.2058	  1.2559	  0.0000
 25.0476	 21.5306	 -2.1203	 -0.2143	  1.1884	  0.0000
 26.1298	 21.5306	 -2.0504	 -0.6267	  1.1978	  0.0000
 27.2119	 21.5306	 -2.6609	 -1.1878	  1.1372	  0.0000
 28.2941	 21.5306	 -3.1291	 -0.4794	  1.0003	  1.0000
 29.3763	 21.5306	 -3.2238	 -0.4564	  1.0086	  1.0000
 30.4584	 21.5306	 -3.2581	 -0.3463	  1.0255	  1.0000
 31.5406	 21.5306	 -3.3711	 -0.2338	  1.0415	  1.0000
 32.6227	 21.5306	 -3.4467	 -0.1141	  1.0235	  1.0000
 33.7049	 21.5306	 -3.5286	  0.0291	  1.0494	  1.0000
 34.7871	 21.5306	 -5.1565	  0.0597	  1.1572	  0.0000
 35.8692	 21.5306	 -5.5641	  0.5526	  1.1840	  0.0000
 36.9514	 21.5306	 -4.8195	  1.2272	  1.1961	  0.0000
 38.0336	 21.5306	 -3.8477	  0.7303	  1.0961	  0.0000
 39.1157	 21.5306	 -3.3621	 -0.1439	  1.1025	  0.0000
 40.1979	 21.5306	 -3.1473	  0.1402	  1.0193	  1.0000
 41.2801	 21.5306	 -3.0877	  0.0905	  1.0197	  1.0000
 42.3622	 21.5306	 -3.9684	  0.4799	  1.1410	  0.0000
 43.4444	 21.5306	 -3.3659	  0.0045	  1.2469	  0.0000
  1.2400	 22.6127	 -3.0776	 -0.1403	  1.2593	  0.0000
  2.3221	 22.6127	 -3.3999	 -0.4819	  1.4472	  0.0000
  3.4043	 22.6127	 -3.4093	 -0.7043	  1.7712	  0.0000
  4.4865	 22.6127	 -3.2633	 -0.6474	  1.5042	  0.0000
  5.5686	 22.6127	 -2.8153	 -0.7173	  1.4745	  0.0000
  6.6508	 22.6127	 -2.7395	 -0.3871	  1.3158	  0.0000
  7.7330	 22.6127	 -2.7290	 -0.4012	  1.5946	  0.0000
  8.8151	 22.6127	 -2.7040	 -0.1118	  1.6963	  0.0000
  9.8973	 22.6127	 -2.6915	  0.1988	  1.4282	  0.0000
 10.9795	 22.6127	 -2.7005	  0.1259	  1.4281	  0.0000
 12.0616	 22.6127	 -2.7320	 -0.0631	  1.6679	  0.0000
 13.1438	 22.6127	 -2.5713	  0.0619	  1.6120	  0.0000
 14.2260	 22.6127	 -2.2627	  0.2050	  0.0000	  1.0000
 15.3081	 22.6127	 -1.9327	 -0.0563	  1.2925	  0.0000
 16.3903	 22.6127	 -1.9726	  0.6521	  1.7009	  0.0000
 17.4724	 22.6127	 -1.9471	  0.7459	  1.2702	  0.0000
 18.5546	 22.6127	 -2.0588	  0.6354	  1.5770	  0.0000
 19.6368	 22.6127	 -2.0859	  0.6042	  1.4323	  0.0000
 20.7189	 22.6127	 -2.2433	  0.4507	  1.1044	  0.0000
 21.8011	 22.6127	 -3.5053	  0.9164	  1.1525	  0.0000
 22.8833	 22.6127	 -3.8188	  0.6319	  1.0974	  0.0000
 23.9654	 22.6127	 -3.5024	 -0.0971	  1.1858	  0.0000
 25.0476	 22.6127	 -2.8219	 -0.2873	  1.0044	  1.0000
 26.1298	 22.6127	 -3.6877	 -0.6521	  1.2666	  0.0000
 27.2119	 22.6127	 -3.4446	 -1.2318	  1.2316	  0.0000
 28.2941	 22.6127	 -3.2133	 -1.4566	  1.2349	  0.0000
 29.3763	 22.6127	 -3.2663	 -0.5626	  1.0131	  1.0000
 30.4584	 22.6127	 -3.2761	 -0.4545	  1.0381	  1.0000
 31.5406	 22.6127	 -3.3735	 -1.0794	  1.1978	  0.0000
 32.6227	 22.6127	 -2.7657	  0.0867	  1.1706	  0.0000
 33.7049	 22.6127	 -2.9911	  0.5533	  1.1953	  0.0000
 34.7871	 22.6127	 -3.3760	  0.1096	  1.0421	  1.0000
 35.8692	 22.6127	 -5.4606	  0.4459	  1.2541	  0.0000
 36.9514	 22.6127	 -5.0966	  0.7265	  1.1168	  0.0000
 38.0336	 22.6127	 -3.2201	  0.3441	  1.0137	  1.0000
 39.1157	 22.6127	 -3.0225	 -0.1111	  1.0673	  0.0000
 40.1979	 22.6127	 -5.1785	  0.6785	  1.1706	  0.0000
 41.2801	 22.6127	 -3.1462	  0.2559	  1.0002	  1.0000
 42.3622	 22.6127	 -4.0616	  0.9059	  1.2302	  0.0000
 43.4444	 22.6127	 -4.0274	 -0.1391	  1.1778	  0.0000
  1.2400	 23.6949	 -2.8722	 -0.3759	  0.0000	  1.0000
  2.3221	 23.6949	 -3.4420	 -0.5672	  1.3700	  0.0000
  3.4043	 23.6949	 -3.5647	 -0.2630	  1.3961	  0.0000
  4.4865	 23.6949	 -3.4200	 -0.2853	  1.1838	  0.0000
  5.5686	 23.6949	 -3.1481	 -0.5412	  1.3567	  0.0000
  6.6508	 23.6949	 -2.8602	 -0.4835	  1.3139	  0.0000
  7.7330	 23.6949	 -2.7115	 -0.2369	  1.5089	  0.0000
  8.8151	 23.6949	 -2.6949	  0.0179	  1.7124	  0.0000
  9.8973	 23.6949	 -2.5824	  0.3651	  1.2356	  0.0000
 10.9795	 23.6949	 -2.6222	  0.1502	  1.2403	  0.0000
 12.0616	 23.6949	 -2.6957	 -0.1387	  1.3694	  0.0000
 13.1438	 23.6949	 -2.6847	 -0.1684	  1.4688	  0.0000
 14.2260	 23.6949	 -2.5160	 -0.4378	  1.3375	  0.0000
 15.3081	 23.6949	 -2.0383	  0.1306	  1.3183	  0.0000
 16.3903	 23.6949	 -1.9070	  0.6020	  1.4865	  0.0000
 17.4724	 23.6949	 -2.0184	  0.7098	  1.5069	  0.0000
 18.5546	 23.6949	 -2.0960	  0.7060	  1.4786	  0.0000
 19.6368	 23.6949	 -2.1084	  0.5689	  1.2610	  0.0000
 20.7189	 23.6949	 -2.3124	  0.0316	  1.1175	  0.0000
 21.8011	 23.6949	 -3.0013	  0.6412	  1.0767	  0.0000
 22.8833	 23.6949	 -3.4444	 -0.0588	  1.1544	  0.0000
 23.9654	 23.6949	 -3.4951	 -0.0004	  1.0516	  0.0000
 25.0476	 23.6949	 -3.8388	 -0.1720	  1.1216	  0.0000
 26.1298	 23.6949	 -4.2460	 -0.5278	  1.2665	  0.0000
 27.2119	 23.6949	 -4.3205	 -0.5938	  1.1699	  0.0000
 28.2941	 23.6949	 -2.9194	 -1.5029	  1.0567	  0.0000
 29.3763	 23.6949	 -2.6556	 -1.3581	  1.0912	  0.0000
 30.4584	 23.6949	 -3.3545	 -1.5273	  1.1036	  0.0000
 31.5406	 23.6949	 -3.1306	 -1.4014	  1.1436	  0.0000
 32.6227	 23.6949	 -3.2102	 -0.3078	  1.0457	  1.0000
 33.7049	 23.6949	 -2.6236	  0.3555	  1.1086	  0.0000
 34.7871	 23.6949	 -3.1927	  0.0828	  1.0355	  1.0000
 35.8692	 23.6949	 -2.1780	  0.3158	  1.1546	  0.0000
 36.9514	 23.6949	 -2.6591	  0.7783	  1.1772	  0.0000
 38.0336	 23.6949	 -4.0421	  1.7374	  1.1137	  0.0000
 39.1157	 23.6949	 -2.0855	  4.1639	  1.0850	  0.0000
 40.1979	 23.6949	 -3.1047	  0.4802	  0.0000	  1.0000
 41.2801	 23.6949	 -4.7108	  1.0050	  1.1015	  0.0000
 42.3622	 23.6949	 -4.7465	  0.4037	  1.0654	  0.0000
 43.4444	 23.6949	 -4.6753	 -0.1314	  1.2474	  0.0000
  1.2400	 24.7771	 -3.0956	 -0.8229	  1.1728	  0.0000
  2.3221	 24.7771	 -3.3516	 -0.5027	  1.5176	  0.0000
  3.4043	 24.7771	 -2.6998	 -0.3422	  0.0000	  1.0000
  4.4865	 24.7771	 -2.9694	  0.1674	  1.3301	  0.0000
  5.5686	 24.7771	 -2.6216	 -0.1634	  1.3427	  0.0000
  6.6508	 24.7771	 -2.6959	  0.0115	  1.5806	  0.0000
  7.7330	 24.7771	 -2.6098	  0.2681	  1.4570	  0.0000
  8.8151	 24.7771	 -2.6634	  0.4825	  1.4573	  0.0000
  9.8973	 24.7771	 -2.5775	  0.6135	  1.3651	  0.0000
 10.9795	 24.7771	 -2.2634	 -0.0009	  1.1916	  0.0000
 12.0616	 24.7771	 -2.1306	 -0.0754	  1.4782	  0.0000
 13.1438	 24.7771	 -2.0390	 -0.0813	  1.5047	  0.0000
 14.2260	 24.7771	 -2.0980	 -0.0140	  1.3884	  0.0000
 15.3081	 24.7771	 -1.7158	  0.3811	  1.2148	  0.0000
 16.3903	 24.7771	 -1.9223	  0.4357	  1.5594	  0.0000
 17.4724	 24.7771	 -2.0118	  0.6634	  1.3401	  0.0000
 18.5546	 24.7771	 -2.0118	  0.7338	  1.4252	  0.0000
 19.6368	 24.7771	 -2.1426	  0.1458	  1.0918	  0.0000
 20.7189	 24.7771	 -2.2591	 -0.0287	  1.1585	  0.0000
 21.8011	 24.7771	 -2.4604	  0.0324	  0.0000	  1.0000
 22.8833	 24.7771	 -3.1429	 -0.0808	  1.3557	  0.0000
 23.9654	 24.7771	 -3.2537	 -0.1044	  1.3662	  0.0000
 25.0476	 24.7771	 -3.3392	 -0.4965	  1.2595	  0.0000
 26.1298	 24.7771	 -4.0657	 -0.7490	  1.4149	  0.0000
 27.2119	 24.7771	 -4.0453	 -0.5927	  1.4152	  0.0000
 28.2941	 24.7771	 -3.6406	  0.0683	  1.2024	  0.0000
 29.3763	 24.7771	 -2.9993	 -0.6998	  0.0000	  1.0000
 30.4584	 24.7771	 -3.4250	 -0.7221	  1.3428	  0.0000
 31.5406	 24.7771	 -2.6383	 -1.4062	  1.0615	  0.0000
 32.6227	 24.7771	 -2.9388	 -0.3709	  1.0353	  1.0000
 33.7049	 24.7771	 -2.6897	  0.0444	  1.2499	  0.0000
 34.7871	 24.7771	 -2.6393	  0.1252	  1.3485	  0.0000
 35.8692	 24.7771	 -2.3979	  0.2800	  1.0989	  0.0000
 36.9514	 24.7771	 -2.6053	  0.8585	  1.1582	  0.0000
 38.0336	 24.7771	 -2.8523	  1.0913	  1.0847	  0.0000
 39.1157	 24.7771	 -2.8152	  0.6570	  1.0786	  0.0000
 40.1979	 24.7771	 -2.9650	  0.5961	  1.0427	  1.0000
 41.2801	 24.7771	 -4.4657	  1.2074	  1.1563	  0.0000
 42.3622	 24.7771	 -4.7220	  0.4009	  1.1811	  0.0000
 43.4444	 24.7771	 -4.4260	 -0.1085	  1.2593	  0.0000
  1.2400	 25.8592	 -2.4266	 -0.7275	  1.0892	  0.0000
  2.3221	 25.8592	 -2.1080	 -0.0109	  1.2602	  0.0000
  3.4043	 25.8592	 -2.2380	  0.5492	  1.3070	  0.0000
  4.4865	 25.8592	 -2.1696	  0.4063	  1.3090	  0.0000
  5.5686	 25.8592	 -2.1149	 -0.0160	  1.7425	  0.0000
  6.6508	 25.8592	 -2.4509	 -0.0487	  1.3855	  0.0000
  7.7330	 25.8592	 -2.7169	  0.0885	  1.2777	  0.0000
  8.8151	 25.8592	 -2.5840	  0.4562	  1.3249	  0.0000
  9.8973	 25.8592	 -2.5199	  0.4400	  1.3073	  0.0000
 10.9795	 25.8592	 -2.3281	  0.1001	  1.1887	  0.0000
 12.0616	 25.8592	 -2.0754	 -0.0601	  1.4810	  0.0000
 13.1438	 25.8592	 -1.8917	 -0.0584	  1.4932	  0.0000
 14.2260	 25.8592	 -1.7071	  0.0640	  1.3680	  0.0000
 15.3081	 25.8592	 -1.8436	  0.5008	  1.3006	  0.0000
 16.3903	 25.8592	 -1.8109	  0.4625	  1.3396	  0.0000
 17.4724	 25.8592	 -1.4996	  0.7772	  1.5045	  0.0000
 18.5546	 25.8592	 -1.5221	  0.8257	  1.1971	  0.0000
 19.6368	 25.8592	 -1.8818	  0.1278	  1.3025	  0.0000
 20.7189	 25.8592	 -1.6581	  0.0041	  1.4114	  0.0000
 21.8011	 25.8592	 -1.5468	  0.0819	  1.1875	  0.0000
 22.8833	 25.8592	 -2.9207	 -0.6283	  1.0560	  0.0000
 23.9654	 25.8592	 -2.8021	 -0.8548	  1.2102	  0.0000
 25.0476	 25.8592	 -2.7804	 -1.2923	  1.0773	  0.0000
 26.1298	 25.8592	 -3.2303	 -0.8467	  1.1872	  0.0000
 27.2119	 25.8592	 -2.8888	 -0.6932	  1.0004	  1.0000
 28.2941	 25.8592	 -3.2518	  0.0250	  1.1406	  0.0000
 29.3763	 25.8592	 -3.3481	 -0.7570	  1.2284	  0.0000
 30.4584	 25.8592	 -3.2211	 -0.8350	  1.4793	  0.0000
 31.5406	 25.8592	 -2.6749	 -1.2609	  1.3947	  0.0000
 32.6227	 25.8592	 -2.1537	 -1.2446	  1.2533	  0.0000
 33.7049	 25.8592	 -2.5776	 -0.2240	  1.0015	  1.0000
 34.7871	 25.8592	 -2.1610	 -0.0106	  1.2683	  0.0000
 35.8692	 25.8592	 -2.4337	  0.6438	  1.0852	  0.0000
 36.9514	 25.8592	 -2.3694	  0.8126	  1.2555	  0.0000
 38.0336	 25.8592	 -2.2952	  0.7564	  1.3225	  0.0000
 39.1157	 25.8592	 -2.6089	  0.5936	  1.0451	  1.0000
 40.1979	 25.8592	 -2.0005	  0.7072	  1.1800	  0.0000
 41.2801	 25.8592	 -2.1383	  0.8530	  1.0775	  0.0000
 42.3622	 25.8592	 -1.6175	  0.7217	  1.1677	  0.0000
 43.4444	 25.8592	 -2.7691	  0.4648	  1.0093	  1.0000
  1.2400	 26.9414	 -1.8616	 -0.5513	  1.4206	  0.0000
  2.3221	 26.9414	 -2.4280	 -0.1821	  0.0000	  1.0000
  3.4043	 26.9414	 -2.1570	 -0.2794	  1.4057	  0.0000
  4.4865	 26.9414	 -2.1642	 -0.0424	  1.1068	  0.0000
  5.5686	 26.9414	 -2.2802	 -0.2393	  1.4961	  0.0000
  6.6508	 26.9414	 -2.2026	 -0.4288	  1.3748	  0.0000
  7.7330	 26.9414	 -2.1966	 -0.3446	  1.1774	  0.0000
  8.8151	 26.9414	 -2.1228	 -0.2275	  1.3345	  0.0000
  9.8973	 26.9414	 -2.1633	 -0.1290	  0.0000	  1.0000
 10.9795	 26.9414	 -2.2830	 -0.3133	  1.2929	  0.0000
 12.0616	 26.9414	 -2.1977	 -0.2851	  1.3229	  0.0000
 13.1438	 26.9414	 -1.9971	 -0.1629	  1.5846	  0.0000
 14.2260	 26.9414	 -1.9314	  0.0476	  1.5765	  0.0000
 15.3081	 26.9414	 -1.5164	  0.2576	  1.3100	  0.0000
 16.3903	 26.9414	 -1.4038	  0.5601	  1.3957	  0.0000
 17.4724	 26.9414	 -1.4089	  0.7470	  1.5411	  0.0000
 18.5546	 26.9414	 -1.9132	  0.7253	  1.2341	  0.0000
 19.6368	 26.9414	 -1.7845	  0.2338	  0.0000	  1.0000
 20.7189	 26.9414	 -1.7736	  0.5111	  1.0740	  0.0000
 21.8011	 26.9414	 -1.7975	 -0.3867	  1.1623	  0.0000
 22.8833	 26.9414	 -2.3537	 -0.7961	  1.1015	  0.0000
 23.9654	 26.9414	 -2.5747	 -1.2782	  1.1253	  0.0000
 25.0476	 26.9414	 -2.5690	 -1.1999	  1.2460	  0.0000
 26.1298	 26.9414	 -2.6881	 -0.6194	  0.0000	  1.0000
 27.2119	 26.9414	 -2.5987	 -0.8177	  1.0937	  0.0000
 28.2941	 26.9414	 -2.6982	 -0.2314	  1.2508	  0.0000
 29.3763	 26.9414	 -2.9172	 -0.4288	  1.2284	  0.0000
 30.4584	 26.9414	 -2.7325	 -0.7430	  1.2710	  0.0000
 31.5406	 26.9414	 -2.5283	 -0.8734	  1.3255	  0.0000
 32.6227	 26.9414	 -2.0820	 -0.7733	  1.2646	  0.0000
 33.7049	 26.9414	 -2.0968	 -0.5346	  1.3066	  0.0000
 34.7871	 26.9414	 -2.6058	 -0.0514	  1.2730	  0.0000
 35.8692	 26.9414	 -2.7453	  0.2192	  1.3174	  0.0000
 36.9514	 26.9414	 -2.5759	  0.6075	  1.3150	  0.0000
 38.0336	 26.9414	 -1.8696	  0.4852	  1.2575	  0.0000
 39.1157	 26.9414	 -1.5418	  0.6139	  1.2071	  0.0000
 40.1979	 26.9414	 -1.9883	  0.1578	  1.2248	  0.0000
 41.2801	 26.9414	 -2.1151	  0.4649	  1.5225	  0.0000
 42.3622	 26.9414	 -1.8378	  0.6682	  1.4628	  0.0000
 43.4444	 26.9414	 -1.5993	  0.6770	  1.2751	  0.0000
  1.2400	 28.0235	 -2.3657	 -0.0088	  1.3079	  0.0000
  2.3221	 28.0235	 -2.1112	 -0.0243	  1.5012	  0.0000
  3.4043	 28.0235	 -2.0645	 -0.3223	  1.4749	  0.0000
  4.4865	 28.0235	 -2.1853	 -0.6830	  1.6354	  0.0000
  5.5686	 28.0235	 -2.0794	 -0.5800	  1.6503	  0.0000
  6.6508	 28.0235	 -1.9981	 -0.4480	  1.5575	  0.0000
  7.7330	 28.0235	 -2.0986	  0.0602	  1.6774	  0.0000
  8.8151	 28.0235	 -1.9466	 -0.1006	  1.4174	  0.0000
  9.8973	 28.0235	 -1.9766	 -0.4892	  1.3402	  0.0000
 10.9795	 28.0235	 -2.0183	 -0.7582	  1.4780	  0.0000
 12.0616	 28.0235	 -1.9623	 -0.6434	  1.3928	  0.0000
 13.1438	 28.0235	 -2.0341	 -0.3267	  1.4076	  0.0000
 14.2260	 28.0235	 -1.8587	  0.0803	  1.2736	  0.0000
 15.3081	 28.0235	 -1.3637	  0.6621	  1.5859	  0.0000
 16.3903	 28.0235	 -1.2731	  0.6124	  1.5457	  0.0000
 17.4724	 28.0235	 -1.2535	  0.6307	  1.3184	  0.0000
 18.5546	 28.0235	 -1.4412	  0.5808	  1.3778	  0.0000
 19.6368	 28.0235	 -1.8699	  0.2743	  1.2312	  0.0000
 20.7189	 28.0235	 -2.2267	  0.6769	  1.1086	  0.0000
 21.8011	 28.0235	 -1.9158	 -0.2214	  1.0110	  1.0000
 22.8833	 28.0235	 -3.1648	 -1.2347	  1.0581	  0.0000
 23.9654	 28.0235	 -3.1020	 -1.0881	  1.0856	  0.0000
 25.0476	 28.0235	 -3.1707	 -1.0965	  1.2008	  0.0000
 26.1298	 28.0235	 -2.3294	 -0.3538	  1.0311	  1.0000
 27.2119	 28.0235	 -2.3338	 -0.2190	  1.1114	  0.0000
 28.2941	 28.0235	 -2.2963	 -0.4134	  1.0427	  1.0000
 29.3763	 28.0235	 -2.3362	 -0.6333	  1.0780	  0.0000
 30.4584	 28.0235	 -2.0783	 -0.1728	  1.3364	  0.0000
 31.5406	 28.0235	 -2.0136	 -0.5442	  1.2880	  0.0000
 32.6227	 28.0235	 -1.8511	 -0.5968	  1.3596	  0.0000
 33.7049	 28.0235	 -2.1678	 -0.5069	  1.2996	  0.0000
 34.7871	 28.0235	 -2.4216	 -0.4433	  1.2758	  0.0000
 35.8692	 28.0235	 -2.1831	  0.1235	  1.0961	  0.0000
 36.9514	 28.0235	 -1.8017	  0.1799	  1.0000	  1.0000
 38.0336	 28.0235	 -1.2993	  0.2324	  1.3087	  0.0000
 39.1157	 28.0235	 -1.7548	  0.5431	  1.2529	  0.0000
 40.1979	 28.0235	 -1.8633	 -0.0085	  1.4657	  0.0000
 41.2801	 28.0235	 -1.9250	  0.0604	  1.4950	  0.0000
 42.3622	 28.0235	 -1.9385	  0.5595	  1.6761	  0.0000
 43.4444	 28.0235	 -1.1569	  0.7017	  1.4527	  0.0000
  1.2400	 29.1057	 -2.6401	  0.5644	  1.2477	  0.0000
  2.3221	 29.1057	 -2.3546	  0.4071	  1.4896	  0.0000
  3.4043	 29.1057	 -1.9910	  0.0095	  1.6253	  0.0000
  4.4865	 29.1057	 -1.9668	 -0.6907	  1.3530	  0.0000
  5.5686	 29.1057	 -2.1852	 -0.7772	  1.4000	  0.0000
  6.6508	 29.1057	 -2.0900	 -0.5413	  1.5205	  0.0000
  7.7330	 29.1057	 -2.0323	  0.0773	  1.7155	  0.0000
  8.8151	 29.1057	 -1.9817	  0.0345	  1.5716	  0.0000
  9.8973	 29.1057	 -1.9668	 -0.5420	  1.3949	  0.0000
 10.9795	 29.1057	 -1.9452	 -0.7761	  1.5107	  0.0000
 12.0616	 29.1057	 -1.8669	 -0.7817	  1.4010	  0.0000
 13.1438	 29.1057	 -1.3467	 -0.0417	  1.2762	  0.0000
 14.2260	 29.1057	 -0.8180	  0.5443	  1.3723	  0.0000
 15.3081	 29.1057	 -1.0231	  0.7355	  1.4062	  0.0000
 16.3903	 29.1057	 -1.2074	  0.6338	  1.4956	  0.0000
 17.4724	 29.1057	 -0.8961	  0.5629	  1.2997	  0.0000
 18.5546	 29.1057	 -0.8257	  0.2627	  1.3843	  0.0000
 19.6368	 29.1057	 -1.2248	  0.0808	  1.2197	  0.0000
 20.7189	 29.1057	 -1.5114	  0.0661	  1.1227	  0.0000
 21.8011	 29.1057	 -1.6450	 -0.2410	  1.0169	  1.0000
 22.8833	 29.1057	 -2.6701	 -0.6460	  1.1427	  0.0000
 23.9654	 29.1057	 -2.4891	 -0.6615	  1.2619	  0.0000
 25.0476	 29.1057	 -2.3419	 -0.5447	  1.1800	  0.0000
 26.1298	 29.1057	 -1.9712	 -0.3351	  1.0205	  1.0000
 27.2119	 29.1057	 -2.0047	 -0.3788	  1.0024	  1.0000
 28.2941	 29.1057	  2.6302	 -2.5405	  1.0539	  0.0000
 29.3763	 29.1057	 -1.8647	 -0.3647	  1.0080	  1.0000
 30.4584	 29.1057	 -1.8004	 -0.3888	  1.0170	  1.0000
 31.5406	 29.1057	 -1.5733	 -0.8226	  1.3080	  0.0000
 32.6227	 29.1057	 -1.4943	 -0.7288	  1.4360	  0.0000
 33.7049	 29.1057	 -1.4851	 -0.6564	  1.4939	  0.0000
 34.7871	 29.1057	 -1.6099	 -0.2336	  1.0779	  0.0000
 35.8692	 29.1057	 -1.4177	  0.6503	  1.2608	  0.0000
 36.9514	 29.1057	 -1.6096	  0.0901	  1.2372	  0.0000
 38.0336	 29.1057	 -1.4491	  0.0238	  1.5838	  0.0000
 39.1157	 29.1057	 -1.3547	  0.3593	  0.0000	  1.0000
 40.1979	 29.1057	 -1.3213	  0.1825	  1.3520	  0.0000
 41.2801	 29.1057	 -1.2167	 -0.1475	  1.1738	  0.0000
 42.3622	 29.1057	 -1.0239	  0.6204	  1.1946	  0.0000
 43.4444	 29.1057	 -0.7651	  0.7208	  1.6861	  0.0000
  1.2400	 30.1879	 -2.2778	  0.6793	  1.2408	  0.0000
  2.3221	 30.1879	 -2.2226	  0.5821	  1.3538	  0.0000
  3.4043	 30.1879	 -1.8493	  0.5676	  1.4541	  0.0000
  4.4865	 30.1879	 -1.5847	 -0.5882	  1.5154	  0.0000
  5.5686	 30.1879	 -1.9831	 -0.7195	  1.5058	  0.0000
  6.6508	 30.1879	 -1.9502	 -0.3958	  1.3702	  0.0000
  7.7330	 30.1879	 -1.9596	 -0.0391	  1.5764	  0.0000
  8.8151	 30.1879	 -1.9164	 -0.0327	  1.3978	  0.0000
  9.8973	 30.1879	 -1.9265	 -0.0783	  1.4200	  0.0000
 10.9795	 30.1879	 -1.6051	 -0.4461	  1.2449	  0.0000
 12.0616	 30.1879	 -1.2006	 -0.2074	  1.2195	  0.0000
 13.1438	 30.1879	 -0.6189	  0.4032	  1.3936	  0.0000
 14.2260	 30.1879	 -0.5658	  0.6609	  1.4734	  0.0000
 15.3081	 30.1879	 -0.5994	  0.6625	  1.6745	  0.0000
 16.3903	 30.1879	 -0.7556	  0.5976	  1.5269	  0.0000
 17.4724	 30.1879	 -0.7818	  0.4746	  1.2310	  0.0000
 18.5546	 30.1879	 -0.7393	  0.1848	  1.4033	  0.0000
 19.6368	 30.1879	 -0.8343	  0.0552	  1.5479	  0.0000
 20.7189	 30.1879	 -0.8953	 -0.0055	  1.4039	  0.0000
 21.8011	 30.1879	 -1.3915	 -0.2178	  1.0448	  1.0000
 22.8833	 30.1879	 -0.7336	 -0.0232	  1.2919	  0.0000
 23.9654	 30.1879	 -1.4807	 -0.6405	  1.1413	  0.0000
 25.0476	 30.1879	 -2.1250	 -0.9830	  1.2733	  0.0000
 26.1298	 30.1879	 -2.5673	 -0.2001	  1.1380	  0.0000
 27.2119	 30.1879	 -2.4247	  0.0831	  1.0602	  0.0000
 28.2941	 30.1879	 -1.5631	 -0.2747	  1.0345	  1.0000
 29.3763	 30.1879	 -1.4976	 -0.2626	  1.0126	  1.0000
 30.4584	 30.1879	 -2.1436	 -1.4506	  1.0616	  0.0000
 31.5406	 30.1879	 -1.5438	 -1.2569	  1.1576	  0.0000
 32.6227	 30.1879	 -1.4400	 -1.2592	  1.1696	  0.0000
 33.7049	 30.1879	 -1.3417	 -0.8621	  1.1769	  0.0000
 34.7871	 30.1879	 -1.3125	 -0.3694	  1.4376	  0.0000
 35.8692	 30.1879	 -1.3245	 -0.1787	  1.2030	  0.0000
 36.9514	 30.1879	 -1.8775	  0.1133	  1.3394	  0.0000
 38.0336	 30.1879	 -1.4039	  0.0728	  1.4951	  0.0000
 39.1157	 30.1879	 -0.7883	  0.5076	  1.4076	  0.0000
 40.1979	 30.1879	 -0.6605	  0.5010	  1.4356	  0.0000
 41.2801	 30.1879	 -0.4213	  0.0823	  1.3159	  0.0000
 42.3622	 30.1879	 -0.2807	  0.3764	  1.3545	  0.0000
 43.4444	 30.1879	 -0.4765	  0.7091	  1.6342	  0.0000
  1.2400	 31.2700	 -2.0128	  1.1915	  1.5193	  0.0000
  2.3221	 31.2700	 -1.8570	  1.1572	  1.1712	  0.0000
  3.4043	 31.2700	 -1.4758	  0.6710	  1.6542	  0.0000
  4.4865	 31.2700	 -1.4910	  0.0754	  1.3880	  0.0000
  5.5686	 31.2700	 -1.3167	 -0.5823	  1.6890	  0.0000
  6.6508	 31.2700	 -1.3028	 -0.5617	  1.6223	  0.0000
  7.7330	 31.2700	 -1.4208	 -0.4559	  1.4460	  0.0000
  8.8151	 31.2700	 -1.7272	 -0.0371	  1.3323	  0.0000
  9.8973	 31.2700	 -1.7003	  0.0214	  1.2929	  0.0000
 10.9795	 31.2700	 -1.3636	  0.3087	  1.2350	  0.0000
 12.0616	 31.2700	 -0.8758	  0.6135	  1.4350	  0.0000
 13.1438	 31.2700	 -0.6127	  0.6987	  1.4602	  0.0000
 14.2260	 31.2700	 -0.3537	  0.7365	  1.3401	  0.0000
 15.3081	 31.2700	 -0.3585	  0.6972	  1.5748	  0.0000
 16.3903	 31.2700	 -0.4186	  0.6084	  1.3765	  0.0000
 17.4724	 31.2700	 -0.5313	  0.4575	  1.3646	  0.0000
 18.5546	 31.2700	 -0.6740	  0.3721	  1.4285	  0.0000
 19.6368	 31.2700	 -0.6978	  0.1582	  1.6030	  0.0000
 20.7189	 31.2700	 -0.7124	  0.0932	  1.7827	  0.0000
 21.8011	 31.2700	 -0.7662	  0.0096	  1.6548	  0.0000
 22.8833	 31.2700	 -0.9155	 -0.0357	  1.0629	  0.0000
 23.9654	 31.2700	 -1.8339	 -0.9666	  1.2007	  0.0000
 25.0476	 31.2700	 -1.9192	 -1.3345	  1.4391	  0.0000
 26.1298	 31.2700	 -1.2059	 -0.1602	  1.0180	  1.0000
 27.2119	 31.2700	 -1.2148	 -0.1929	  0.0000	  1.0000
 28.2941	 31.2700	  0.6036	 11.6095	  1.0772	  0.0000
 29.3763	 31.2700	 -1.1231	 -0.1844	  1.0114	  1.0000
 30.4584	 31.2700	 -2.4052	 -1.2032	  1.1197	  0.0000
 31.5406	 31.2700	 -1.0476	 -0.2462	  1.0465	  1.0000
 32.6227	 31.2700	 -1.3365	 -1.3927	  1.2631	  0.0000
 33.7049	 31.2700	 -1.2814	 -0.8584	  1.1477	  0.0000
 34.7871	 31.2700	 -1.2498	 -0.6572	  1.3783	  0.0000
 35.8692	 31.2700	 -0.5010	 -0.1160	  1.5395	  0.0000
 36.9514	 31.2700	 -0.3013	  0.0329	  1.0893	  0.0000
 38.0336	 31.2700	 -0.6370	  0.4437	  1.1207	  0.0000
 39.1157	 31.2700	 -0.6219	  0.6046	  1.5393	  0.0000
 40.1979	 31.2700	 -0.5067	  0.5531	  1.3735	  0.0000
 41.2801	 31.2700	 -0.3166	  0.1389	  1.3154	  0.0000
 42.3622	 31.2700	 -0.2368	  0.2765	  1.3974	  0.0000
 43.4444	 31.2700	 -0.1178	  0.4253	  1.6344	  0.0000
  1.2400	 32.3522	 -1.6026	  1.0146	  1.4429	  0.0000
  2.3221	 32.3522	 -1.3492	  1.2191	  1.7938	  0.0000
  3.4043	 32.3522	 -1.1480	  0.9320	  1.6217	  0.0000
  4.4865	 32.3522	 -1.1975	  0.6387	  1.5459	  0.0000
  5.5686	 32.3522	 -1.3152	 -0.0670	  1.2731	  0.0000
  6.6508	 32.3522	 -1.1757	 -0.4956	  1.4856	  0.0000
  7.7330	 32.3522	 -1.3384	 -0.2181	  1.3361	  0.0000
  8.8151	 32.3522	 -1.3544	  0.2917	  1.2946	  0.0000
  9.8973	 32.3522	 -0.9100	  0.5887	  1.4849	  0.0000
 10.9795	 32.3522	 -0.7643	  0.5449	  1.6737	  0.0000
 12.0616	 32.3522	 -0.6767	  0.6069	  1.6623	  0.0000
 13.1438	 32.3522	 -0.5581	  0.6154	  1.6479	  0.0000
 14.2260	 32.3522	 -0.4758	  0.6203	  1.6328	  0.0000
 15.3081	 32.3522	 -0.1660	  0.6399	  1.5378	  0.0000
 16.3903	 32.3522	 -0.0710	  0.5456	  1.5791	  0.0000
 17.4724	 32.3522	 -0.2605	  0.3588	  1.4916	  0.0000
 18.5546	 32.3522	 -0.5025	  0.4615	  1.2981	  0.0000
 19.6368	 32.3522	 -0.6202	  0.2200	  1.3717	  0.0000
 20.7189	 32.3522	 -0.6728	  0.0912	  2.0549	  0.0000
 21.8011	 32.3522	 -0.6572	 -0.0279	  1.8816	  0.0000
 22.8833	 32.3522	 -0.8516	 -0.2041	  1.0082	  1.0000
 23.9654	 32.3522	 -0.9240	 -0.2249	  1.0456	  1.0000
 25.0476	 32.3522	 -1.2678	 -1.0589	  1.2209	  0.0000
 26.1298	 32.3522	 -0.7740	 -0.6424	  1.1710	  0.0000
 27.2119	 32.3522	 -1.9505	  0.5130	  1.1538	  0.0000
 28.2941	 32.3522	 -0.8266	 -0.1285	  1.0384	  1.0000
 29.3763	 32.3522	 -0.8013	 -0.1323	  1.0091	  1.0000
 30.4584	 32.3522	 -0.7577	 -0.8862	  1.0607	  0.0000
 31.5406	 32.3522	 -1.4770	 -0.6168	  1.1687	  0.0000
 32.6227	 32.3522	 -1.2917	 -0.9207	  1.2683	  0.0000
 33.7049	 32.3522	 -1.0302	 -0.7009	  1.2176	  0.0000
 34.7871	 32.3522	 -0.7675	 -0.0813	  1.3089	  0.0000
 35.8692	 32.3522	 -0.8278	  0.1672	  1.1979	  0.0000
 36.9514	 32.3522	 -0.7444	  0.0575	  1.2751	  0.0000
 38.0336	 32.3522	 -0.4989	  0.2832	  1.4111	  0.0000
 39.1157	 32.3522	 -0.6386	  0.6147	  1.5034	  0.0000
 40.1979	 32.3522	 -0.5261	  0.5929	  1.4005	  0.0000
 41.2801	 32.3522	 -0.6196	  0.3971	  1.4275	  0.0000
 42.3622	 32.3522	 -0.4338	  0.2964	  1.2592	  0.0000
 43.4444	 32.3522	 -0.2288	  0.3207	  1.3201	  0.0000
  1.2400	 33.4344	 -1.1110	  0.9079	  1.3819	  0.0000
  2.3221	 33.4344	 -1.2264	  1.2000	  1.3683	  0.0000
  3.4043	 33.4344	 -0.7928	  0.6973	  1.6081	  0.0000
  4.4865	 33.4344	 -0.7365	  0.6168	  1.5073	  0.0000
  5.5686	 33.4344	 -0.6805	  0.1895	  1.3061	  0.0000
  6.6508	 33.4344	 -0.5904	 -0.1160	  1.1017	  0.0000
  7.7330	 33.4344	 -0.2827	  0.0725	  1.2342	  0.0000
  8.8151	 33.4344	 -0.3295	  0.4204	  1.4374	  0.0000
  9.8973	 33.4344	 -0.5286	  0.6241	  1.4465	  0.0000
 10.9795	 33.4344	 -0.6001	  0.2817	  0.0000	  1.0000
 12.0616	 33.4344	 -0.5927	  0.5379	  1.6248	  0.0000
 13.1438	 33.4344	 -0.4613	  0.4518	  1.3063	  0.0000
 14.2260	 33.4344	 -0.3193	  0.1490	  1.3529	  0.0000
 15.3081	 33.4344	 -0.2010	  0.2333	  1.4679	  0.0000
 16.3903	 33.4344	 -0.1051	  0.3634	  1.4485	  0.0000
 17.4724	 33.4344	 -0.0506	  0.3244	  1.5466	  0.0000
 18.5546	 33.4344	 -0.1921	  0.2068	  1.2566	  0.0000
 19.6368	 33.4344	 -0.3681	  0.2014	  1.4385	  0.0000
 20.7189	 33.4344	 -0.4298	  0.0843	  1.4450	  0.0000
 21.8011	 33.4344	 -0.5382	  0.0251	  1.5810	  0.0000
 22.8833	 33.4344	 -0.5195	 -0.3883	  1.1154	  0.0000
 23.9654	 33.4344	 -0.6263	 -0.1715	  1.0367	  1.0000
 25.0476	 33.4344	 -0.0649	 -0.5543	  1.1359	  0.0000
 26.1298	 33.4344	 -0.5909	  0.0378	  1.0012	  1.0000
 27.2119	 33.4344	 -0.0481	 -0.0042	  1.1219	  0.0000
 28.2941	 33.4344	 -0.1428	  0.0395	  1.4982	  0.0000
 29.3763	 33.4344	 -0.6266	 -0.0226	  0.0000	  1.0000
 30.4584	 33.4344	 -0.1571	 -0.1018	  1.2825	  0.0000
 31.5406	 33.4344	 -0.7492	 -0.2016	  1.3369	  0.0000
 32.6227	 33.4344	 -0.7533	 -0.5072	  1.2573	  0.0000
 33.7049	 33.4344	 -0.4447	 -0.0179	  1.3128	  0.0000
 34.7871	 33.4344	 -0.7476	  0.1074	  1.5490	  0.0000
 35.8692	 33.4344	 -0.8530	  0.1118	  1.1457	  0.0000
 36.9514	 33.4344	 -0.7709	  0.0783	  1.4716	  0.0000
 38.0336	 33.4344	 -0.4067	  0.1735	  0.0000	  1.0000
 39.1157	 33.4344	 -0.3660	  0.2367	  0.0000	  1.0000
 40.1979	 33.4344	 -0.5814	  0.5378	  1.4161	  0.0000
 41.2801	 33.4344	 -0.6125	  0.4907	  1.5371	  0.0000
 42.3622	 33.4344	 -0.5822	  0.3485	  1.1752	  0.0000
 43.4444	 33.4344	 -0.1443	  0.3587	  1.6809	  0.0000
  1.2400	 34.5165	 -0.6745	  0.6971	  1.7328	  0.0000
  2.3221	 34.5165	 -0.6791	  0.6652	  1.6249	  0.0000
  3.4043	 34.5165	 -0.6251	  0.5760	  1.5791	  0.0000
  4.4865	 34.5165	 -0.5596	  0.5834	  1.8511	  0.0000
  5.5686	 34.5165	 -0.5697	  0.4552	  1.4819	  0.0000
  6.6508	 34.5165	 -0.1223	  0.1627	  1.6440	  0.0000
  7.7330	 34.5165	 -0.0106	  0.2507	  1.5147	  0.0000
  8.8151	 34.5165	 -0.0862	  0.5242	  1.6113	  0.0000
  9.8973	 34.5165	 -0.1425	  0.5715	  1.5172	  0.0000
 10.9795	 34.5165	 -0.3188	  0.4803	  1.1921	  0.0000
 12.0616	 34.5165	 -0.1771	  0.2306	  1.3431	  0.0000
 13.1438	 34.5165	 -0.2352	  0.2089	  1.4077	  0.0000
 14.2260	 34.5165	 -0.2580	  0.1553	  1.3768	  0.0000
 15.3081	 34.5165	 -0.1799	  0.1180	  1.8059	  0.0000
 16.3903	 34.5165	 -0.0861	  0.1634	  1.5606	  0.0000
 17.4724	 34.5165	 -0.0906	  0.1724	  1.6894	  0.0000
 18.5546	 34.5165	 -0.1759	  0.1733	  1.6271	  0.0000
 19.6368	 34.5165	 -0.2096	  0.1006	  1.6062	  0.0000
 20.7189	 34.5165	 -0.1572	  0.0763	  1.5594	  0.0000
 21.8011	 34.5165	 -0.2366	  0.0709	  1.5323	  0.0000
 22.8833	 34.5165	 -0.1932	 -0.0927	  1.3987	  0.0000
 23.9654	 34.5165	 -0.0535	 -0.2764	  1.1052	  0.0000
 25.0476	 34.5165	  0.0350	 -0.2472	  1.2809	  0.0000
 26.1298	 34.5165	  0.1407	 -0.2585	  1.5288	  0.0000
 27.2119	 34.5165	  0.0572	 -0.1263	  1.5272	  0.0000
 28.2941	 34.5165	  0.0373	  0.0255	  1.3894	  0.0000
 29.3763	 34.5165	  0.0418	  0.0074	  1.7202	  0.0000
 30.4584	 34.5165	 -0.0337	  0.0000	  1.7752	  0.0000
 31.5406	 34.5165	 -0.0973	 -0.1519	  1.2811	  0.0000
 32.6227	 34.5165	 -0.1412	 -0.1928	  1.2056	  0.0000
 33.7049	 34.5165	  0.0942	  0.0367	  1.3511	  0.0000
 34.7871	 34.5165	  0.0516	  0.0627	  1.2100	  0.0000
 35.8692	 34.5165	 -0.0150	  0.0337	  1.3332	  0.0000
 36.9514	 34.5165	 -0.1679	  0.1830	  1.3834	  0.0000
 38.0336	 34.5165	 -0.2889	  0.1888	  1.0877	  0.0000
 39.1157	 34.5165	 -0.2580	  0.4381	  1.2299	  0.0000
 40.1979	 34.5165	 -0.0574	  0.2589	  1.4638	  0.0000
 41.2801	 34.5165	 -0.0543	  0.2438	  1.4985	  0.0000
 42.3622	 34.5165	 -0.1158	  0.3275	  1.3349	  0.0000
 43.4444	 34.5165	 -0.0761	  0.2683	  1.9151	  0.0000
  1.2400	 35.5987	 -0.5268	  0.6230	  1.7271	  0.0000
  2.3221	 35.5987	 -0.5791	  0.6125	  1.4177	  0.0000
  3.4043	 35.5987	 -0.5150	  0.5913	  1.4062	  0.0000
  4.4865	 35.5987	 -0.4047	  0.5827	  1.5357	  0.0000
  5.5686	 35.5987	 -0.0414	  0.1941	  1.3962	  0.0000
  6.6508	 35.5987	 -0.0827	  0.2260	  1.4247	  0.0000
  7.7330	 35.5987	 -0.0247	  0.2492	  1.3034	  0.0000
  8.8151	 35.5987	 -0.0597	  0.4152	  1.5067	  0.0000
  9.8973	 35.5987	 -0.1809	  0.4192	  1.5295	  0.0000
 10.9795	 35.5987	 -0.1090	  0.3433	  1.3694	  0.0000
 12.0616	 35.5987	 -0.0562	  0.2538	  1.3552	  0.0000
 13.1438	 35.5987	 -0.1152	  0.1512	  1.4128	  0.0000
 14.2260	 35.5987	 -0.1882	  0.1345	  1.3649	  0.0000
 15.3081	 35.5987	 -0.1361	  0.1211	  1.6297	  0.0000
 16.3903	 35.5987	 -0.0716	  0.1453	  1.5100	  0.0000
 17.4724	 35.5987	 -0.0027	  0.1836	  1.4607	  0.0000
 18.5546	 35.5987	 -0.1541	  0.1389	  0.0000	  1.0000
 19.6368	 35.5987	 -0.0943	  0.0342	  1.5408	  0.0000
 20.7189	 35.5987	 -0.0566	  0.0474	  1.6079	  0.0000
 21.8011	 35.5987	 -0.1162	  0.0679	  1.4023	  0.0000
 22.8833	 35.5987	 -0.0563	 -0.0806	  1.8015	  0.0000
 23.9654	 35.5987	 -0.0758	 -0.0698	  1.6872	  0.0000
 25.0476	 35.5987	  0.0074	 -0.1313	  1.7230	  0.0000
 26.1298	 35.5987	  0.0562	 -0.1356	  1.6810	  0.0000
 27.2119	 35.5987	  0.0573	 -0.0544	  1.7844	  0.0000
 28.2941	 35.5987	  0.0750	 -0.0331	  1.8845	  0.0000
 29.3763	 35.5987	  0.0396	 -0.0161	  1.9649	  0.0000
 30.4584	 35.5987	  0.0352	 -0.0206	  1.5123	  0.0000
 31.5406	 35.5987	 -0.0250	 -0.0784	  1.3214	  0.0000
 32.6227	 35.5987	  0.0223	 -0.0385	  1.3713	  0.0000
 33.7049	 35.5987	  0.0751	  0.0369	  1.6051	  0.0000
 34.7871	 35.5987	  0.1749	 -0.0124	  1.4020	  0.0000
 35.8692	 35.5987	  0.2137	  0.0133	  1.2520	  0.0000
 36.9514	 35.5987	  0.1921	  0.0301	  1.3171	  0.0000
 38.0336	 35.5987	  0.1577	  0.1675	  1.3891	  0.0000
 39.1157	 35.5987	  0.0294	  0.3523	  1.4496	  0.0000
 40.1979	 35.5987	  0.0500	  0.2694	  1.3563	  0.0000
 41.2801	 35.5987	 -0.0534	  0.2800	  1.3754	  0.0000
 42.3622	 35.5987	 -0.0400	  0.2927	  1.7701	  0.0000
 43.4444	 35.5987	 -0.0077	  0.2536	  1.7030	  0.0000
  1.2400	 36.6809	 -0.0038	  0.3229	  1.1374	  0.0000
  2.3221	 36.6809	 -0.0478	  0.2105	  1.2669	  0.0000
  3.4043	 36.6809	 -0.1536	  0.2511	  1.3482	  0.0000
  4.4865	 36.6809	 -0.1061	  0.1379	  1.3659	  0.0000
  5.5686	 36.6809	 -0.0029	  0.1570	  1.3186	  0.0000
  6.6508	 36.6809	 -0.1472	  0.2817	  0.0000	  1.0000
  7.7330	 36.6809	 -0.0432	  0.2566	  1.5006	  0.0000
  8.8151	 36.6809	  0.0045	  0.3494	  1.7239	  0.0000
  9.8973	 36.6809	 -0.0351	  0.3110	  1.5237	  0.0000
 10.9795	 36.6809	 -0.1087	  0.2471	  0.0000	  1.0000
 12.0616	 36.6809	  0.0146	  0.2019	  1.4546	  0.0000
 13.1438	 36.6809	 -0.1152	  0.2148	  0.0000	  1.0000
 14.2260	 36.6809	 -0.1153	  0.0974	  1.4192	  0.0000
 15.3081	 36.6809	 -0.0327	  0.0985	  1.7884	  0.0000
 16.3903	 36.6809	 -0.0138	  0.0951	  1.6492	  0.0000
 17.4724	 36.6809	 -0.0233	  0.0821	  1.4733	  0.0000
 18.5546	 36.6809	 -0.0204	  0.0481	  1.7543	  0.0000
 19.6368	 36.6809	 -0.0994	  0.0683	  0.0000	  1.0000
 20.7189	 36.6809	 -0.1382	 -0.0218	  1.5656	  0.0000
 21.8011	 36.6809	 -0.1028	  0.0915	  1.5675	  0.0000
 22.8833	 36.6809	 -0.0169	 -0.0269	  1.7997	  0.0000
 23.9654	 36.6809	 -0.0218	 -0.0591	  1.6104	  0.0000
 25.0476	 36.6809	 -0.0448	 -0.0887	  1.8546	  0.0000
 26.1298	 36.6809	 -0.0473	 -0.0575	  1.7561	  0.0000
 27.2119	 36.6809	 -0.0171	 -0.0137	  1.5495	  0.0000
 28.2941	 36.6809	  0.0276	 -0.0458	  1.9579	  0.0000
 29.3763	 36.6809	  0.0489	 -0.0517	  1.9532	  0.0000
 30.4584	 36.6809	  0.0213	 -0.0277	  1.4699	  0.0000
 31.5406	 36.6809	  0.0030	 -0.0479	  1.5181	  0.0000
 32.6227	 36.6809	  0.0042	 -0.0279	  1.5676	  0.0000
 33.7049	 36.6809	  0.0672	 -0.0003	  1.6621	  0.0000
 34.7871	 36.6809	  0.1067	  0.0133	  1.6584	  0.0000
 35.8692	 36.6809	  0.1643	 -0.0069	  1.3717	  0.0000
 36.9514	 36.6809	  0.1807	 -0.0162	  1.3949	  0.0000
 38.0336	 36.6809	  0.3319	 -0.0084	  1.3588	  0.0000
 39.1157	 36.6809	  0.1140	  0.1189	  1.4777	  0.0000
 40.1979	 36.6809	  0.0825	  0.1775	  1.5004	  0.0000
 41.2801	 36.6809	  0.0024	  0.2160	  1.9489	  0.0000
 42.3622	 36.6809	 -0.0643	  0.2446	  1.5821	  0.0000
 43.4444	 36.6809	 -0.0335	  0.1834	  2.1603	  0.0000
  1.2400	 37.7630	  0.0011	  0.3660	  1.4207	  0.0000
  2.3221	 37.7630	 -0.0096	  0.2966	  1.4332	  0.0000
  3.4043	 37.7630	  0.0207	  0.2514	  1.5221	  0.0000
  4.4865	 37.7630	  0.0120	  0.1708	  1.6050	  0.0000
  5.5686	 37.7630	  0.0396	  0.1898	  1.6986	  0.0000
  6.6508	 37.7630	  0.0522	  0.1690	  1.9698	  0.0000
  7.7330	 37.7630	  0.0007	  0.1866	  1.7119	  0.0000
  8.8151	 37.7630	  0.0613	  0.2343	  1.5060	  0.0000
  9.8973	 37.7630	  0.0370	  0.2938	  1.4754	  0.0000
 10.9795	 37.7630	 -0.0402	  0.2108	  1.7785	  0.0000
 12.0616	 37.7630	 -0.0114	  0.2190	  1.5723	  0.0000
 13.1438	 37.7630	 -0.0567	  0.2066	  1.5157	  0.0000
 14.2260	 37.7630	 -0.0736	  0.1116	  1.5116	  0.0000
 15.3081	 37.7630	 -0.0939	  0.1720	  1.6017	  0.0000
 16.3903	 37.7630	 -0.0334	  0.0561	  1.6766	  0.0000
 17.4724	 37.7630	 -0.0475	  0.1194	  1.5949	  0.0000
 18.5546	 37.7630	 -0.0669	  0.0927	  1.6230	  0.0000
 19.6368	 37.7630	 -0.0447	  0.0402	  1.7080	  0.0000
 20.7189	 37.7630	 -0.0393	  0.0935	  1.7570	  0.0000
 21.8011	 37.7630	 -0.0716	  0.0436	  1.5798	  0.0000
 22.8833	 37.7630	 -0.0279	  0.0182	  1.7912	  0.0000
 23.9654	 37.7630	  0.0040	 -0.0239	  1.6828	  0.0000
 25.0476	 37.7630	 -0.0356	  0.0270	  1.6541	  0.0000
 26.1298	 37.7630	 -0.0369	 -0.0661	  1.6366	  0.0000
 27.2119	 37.7630	 -0.0356	 -0.0657	  1.6253	  0.0000
 28.2941	 37.7630	 -0.0031	 -0.0741	  1.8005	  0.0000
 29.3763	 37.7630	  0.0099	 -0.0459	  1.9353	  0.0000
 30.4584	 37.7630	 -0.0117	 -0.0764	  1.6641	  0.0000
 31.5406	 37.7630	  0.0123	 -0.0822	  1.5063	  0.0000
 32.6227	 37.7630	 -0.0016	 -0.0532	  1.9465	  0.0000
 33.7049	 37.7630	  0.0619	  0.0238	  1.7097	  0.0000
 34.7871	 37.7630	  0.0733	  0.0318	  1.8254	  0.0000
 35.8692	 37.7630	  0.1408	 -0.0014	  1.7132	  0.0000
 36.9514	 37.7630	  0.0880	 -0.0102	  1.5073	  0.0000
 38.0336	 37.7630	  0.0481	  0.0877	  0.0000	  1.0000
 39.1157	 37.7630	  0.1465	  0.0705	  1.4696	  0.0000
 40.1979	 37.7630	  0.0743	  0.1467	  1.6479	  0.0000
 41.2801	 37.7630	  0.0092	  0.1897	  1.8929	  0.0000
 42.3622	 37.7630	  0.0668	  0.1929	  1.6345	  0.0000
 43.4444	 37.7630	  0.0012	  0.1050	  1.9658	  0.0000
  1.2400	 38.8452	  0.2268	  0.2932	  1.3186	  0.0000
  2.3221	 38.8452	  0.0342	  0.2581	  1.8549	  0.0000
  3.4043	 38.8452	 -0.0234	  0.1888	  1.6632	  0.0000
  4.4865	 38.8452	  0.0891	  0.2493	  1.4718	  0.0000
  5.5686	 38.8452	  0.0345	  0.1649	  1.6323	  0.0000
  6.6508	 38.8452	  0.0161	  0.1852	  1.6799	  0.0000
  7.7330	 38.8452	  0.0158	  0.1445	  1.6250	  0.0000
  8.8151	 38.8452	  0.0969	  0.1682	  1.4638	  0.0000
  9.8973	 38.8452	  0.0856	  0.2144	  1.6702	  0.0000
 10.9795	 38.8452	 -0.0122	  0.1723	  0.0000	  1.0000
 12.0616	 38.8452	 -0.0124	  0.1774	  1.8422	  0.0000
 13.1438	 38.8452	 -0.0844	  0.1884	  1.5507	  0.0000
 14.2260	 38.8452	  0.0008	  0.1316	  1.6378	  0.0000
 15.3081	 38.8452	  0.0205	  0.1503	  1.5826	  0.0000
 16.3903	 38.8452	 -0.0334	  0.0810	  1.8809	  0.0000
 17.4724	 38.8452	 -0.0669	  0.0511	  1.6408	  0.0000
 18.5546	 38.8452	 -0.0355	  0.0291	  1.6886	  0.0000
 19.6368	 38.8452	  0.0008	  0.0166	  1.7640	  0.0000
 20.7189	 38.8452	  0.0169	  0.0588	  1.6656	  0.0000
 21.8011	 38.8452	 -0.0219	 -0.0009	  1.8608	  0.0000
 22.8833	 38.8452	 -0.0249	  0.0515	  1.5044	  0.0000
 23.9654	 38.8452	  0.0046	 -0.0032	  2.0479	  0.0000
 25.0476	 38.8452	 -0.0010	  0.0287	  1.9398	  0.0000
 26.1298	 38.8452	 -0.0087	 -0.0594	  1.7942	  0.0000
 27.2119	 38.8452	 -0.0109	 -0.0692	  1.5310	  0.0000
 28.2941	 38.8452	  0.0533	 -0.0224	  1.9221	  0.0000
 29.3763	 38.8452	  0.1014	 -0.0117	  1.6055	  0.0000
 30.4584	 38.8452	  0.0202	 -0.0664	  1.6703	  0.0000
 31.5406	 38.8452	  0.0256	 -0.0343	  1.6895	  0.0000
 32.6227	 38.8452	  0.0596	  0.0154	  1.8478	  0.0000
 33.7049	 38.8452	  0.0787	  0.0142	  1.6474	  0.0000
 34.7871	 38.8452	  0.0644	  0.0121	  0.0000	  1.0000
 35.8692	 38.8452	  0.0437	 -0.0054	  1.6972	  0.0000
 36.9514	 38.8452	  0.0302	 -0.0505	  1.8187	  0.0000
 38.0336	 38.8452	  0.0756	  0.0407	  1.6685	  0.0000
 39.1157	 38.8452	  0.0734	  0.0439	  1.5215	  0.0000
 40.1979	 38.8452	  0.0572	  0.1192	  1.6665	  0.0000
 41.2801	 38.8452	  0.0311	  0.1147	  0.0000	  1.0000
 42.3622	 38.8452	  0.0178	  0.1827	  1.9183	  0.0000
 43.4444	 38.8452	  0.0015	  0.0724	  2.0581	  0.0000
  1.2400	 39.9274	  0.0267	  0.2152	  1.4601	  0.0000
  2.3221	 39.9274	  0.0137	  0.2420	  1.2534	  0.0000
  3.4043	 39.9274	 -0.0525	  0.1018	  1.4837	  0.0000
  4.4865	 39.9274	  0.0370	  0.1697	  1.6134	  0.0000
  5.5686	 39.9274	  0.0426	  0.1725	  1.8454	  0.0000
  6.6508	 39.9274	 -0.0100	  0.1448	  1.8870	  0.0000
  7.7330	 39.9274	 -0.0162	  0.0510	  1.6298	  0.0000
  8.8151	 39.9274	  0.0690	  0.1708	  1.5485	  0.0000
  9.8973	 39.9274	  0.0292	  0.1328	  1.7039	  0.0000
 10.9795	 39.9274	  0.0554	  0.1440	  1.6690	  0.0000
 12.0616	 39.9274	  0.0174	  0.1674	  1.7918	  0.0000
 13.1438	 39.9274	 -0.0059	  0.1039	  1.7516	  0.0000
 14.2260	 39.9274	 -0.0085	  0.0731	  1.8997	  0.0000
 15.3081	 39.9274	  0.0572	  0.0724	  1.6485	  0.0000
 16.3903	 39.9274	 -0.0118	  0.0401	  1.5036	  0.0000
 17.4724	 39.9274	  0.0080	  0.0364	  1.5704	  0.0000
 18.5546	 39.9274	  0.0006	  0.0500	  1.9038	  0.0000
 19.6368	 39.9274	 -0.0034	  0.0048	  1.5788	  0.0000
 20.7189	 39.9274	 -0.0088	  0.0229	  2.0124	  0.0000
 21.8011	 39.9274	  0.0024	  0.0240	  1.7864	  0.0000
 22.8833	 39.9274	 -0.0415	  0.0652	  1.6990	  0.0000
 23.9654	 39.9274	 -0.0126	 -0.0067	  1.7014	  0.0000
 25.0476	 39.9274	 -0.0185	  0.0112	  1.9578	  0.0000
 26.1298	 39.9274	 -0.0150	 -0.0419	  1.8724	  0.0000
 27.2119	 39.9274	 -0.0069	  0.0090	  1.6604	  0.0000
 28.2941	 39.9274	  0.0349	 -0.0286	  1.8650	  0.0000
 29.3763	 39.9274	  0.0468	 -0.0185	  1.6127	  0.0000
 30.4584	 39.9274	  0.0147	 -0.0024	  1.6256	  0.0000
 31.5406	 39.9274	  0.0149	  0.0063	  1.7496	  0.0000
 32.6227	 39.9274	  0.0532	  0.0222	  1.7339	  0.0000
 33.7049	 39.9274	  0.0713	  0.0367	  1.8716	  0.0000
 34.7871	 39.9274	  0.0337	  0.0466	  1.9137	  0.0000
 35.8692	 39.9274	  0.0504	  0.0223	  1.7517	  0.0000
 36.9514	 39.9274	  0.0576	  0.0347	  0.0000	  1.0000
 38.0336	 39.9274	  0.0111	  0.0728	  1.7456	  0.0000
 39.1157	 39.9274	 -0.0093	 -0.0160	  1.5878	  0.0000
 40.1979	 39.9274	  0.0240	  0.0753	  2.1307	  0.0000
 41.2801	 39.9274	  0.0067	  0.0804	  1.8209	  0.0000
 42.3622	 39.9274	  0.0058	  0.1148	  1.7752	  0.0000
 43.4444	 39.9274	 -0.0189	  0.0802	  2.1592	  0.0000
  1.2400	 41.0095	  0.1288	  0.2043	  1.3599	  0.0000
  2.3221	 41.0095	  0.0681	  0.1760	  1.3474	  0.0000
  3.4043	 41.0095	 -0.0824	  0.1010	  1.4985	  0.0000
  4.4865	 41.0095	  0.0086	  0.1257	  1.5157	  0.0000
  5.5686	 41.0095	  0.1050	  0.1765	  1.6679	  0.0000
  6.6508	 41.0095	  0.0399	  0.1473	  0.0000	  1.0000
  7.7330	 41.0095	 -0.0868	 -0.0095	  1.6702	  0.0000
  8.8151	 41.0095	  0.0481	  0.1364	  1.7412	  0.0000
  9.8973	 41.0095	  0.0067	  0.1115	  2.0424	  0.0000
 10.9795	 41.0095	 -0.0148	  0.1203	  1.6116	  0.0000
 12.0616	 41.0095	  0.0226	  0.1242	  0.0000	  1.0000
 13.1438	 41.0095	  0.0586	  0.0763	  2.0125	  0.0000
 14.2260	 41.0095	  0.0438	  0.1065	  1.8321	  0.0000
 15.3081	 41.0095	  0.0695	  0.0801	  1.9622	  0.0000
 16.3903	 41.0095	  0.0394	  0.0415	  1.9357	  0.0000
 17.4724	 41.0095	 -0.0417	  0.0466	  1.7634	  0.0000
 18.5546	 41.0095	 -0.0285	  0.0328	  1.8170	  0.0000
 19.6368	 41.0095	 -0.0064	  0.0361	  1.6712	  0.0000
 20.7189	 41.0095	 -0.0041	  0.0527	  1.6788	  0.0000
 21.8011	 41.0095	 -0.0258	  0.0223	  1.5061	  0.0000
 22.8833	 41.0095	 -0.0012	 -0.0056	  1.4795	  0.0000
 23.9654	 41.0095	 -0.0075	  0.0017	  0.0000	  1.0000
 25.0476	 41.0095	 -0.0244	  0.0178	  1.6807	  0.0000
 26.1298	 41.0095	 -0.0129	 -0.0390	  1.8848	  0.0000
 27.2119	 41.0095	  0.0126	  0.0256	  1.6746	  0.0000
 28.2941	 41.0095	  0.0356	  0.0053	  1.7894	  0.0000
 29.3763	 41.0095	  0.0967	 -0.0174	  1.4301	  0.0000
 30.4584	 41.0095	 -0.0456	 -0.0394	  1.3904	  0.0000
 31.5406	 41.0095	 -0.0462	  0.0467	  1.8839	  0.0000
 32.6227	 41.0095	  0.0354	  0.0396	  1.6722	  0.0000
 33.7049	 41.0095	  0.0460	  0.0431	  1.6089	  0.0000
 34.7871	 41.0095	  0.0470	 -0.0211	  1.6077	  0.0000
 35.8692	 41.0095	  0.0189	  0.0570	  1.5447	  0.0000
 36.9514	 41.0095	  0.0570	  0.0289	  1.7453	  0.0000
 38.0336	 41.0095	  0.0208	 -0.0060	  1.5721	  0.0000
 39.1157	 41.0095	  0.0252	  0.0499	  2.0293	  0.0000
 40.1979	 41.0095	  0.0517	  0.0484	  2.0174	  0.0000
 41.2801	 41.0095	  0.0470	  0.0336	  2.1061	  0.0000
 42.3622	 41.0095	 -0.0277	  0.0298	  2.0969	  0.0000
 43.4444	 41.0095	 -0.0211	  0.0679	  2.0293	  0.0000
  1.2400	 42.0917	  0.1139	  0.2140	  1.4339	  0.0000
  2.3221	 42.0917	  0.0889	  0.1930	  1.6257	  0.0000
  3.4043	 42.0917	  0.0459	  0.1514	  1.5110	  0.0000
  4.4865	 42.0917	  0.0898	  0.1107	  1.5184	  0.0000
  5.5686	 42.0917	  0.0662	  0.1044	  1.5575	  0.0000
  6.6508	 42.0917	  0.0085	  0.0842	  1.5099	  0.0000
  7.7330	 42.0917	 -0.0281	  0.0760	  1.9504	  0.0000
  8.8151	 42.0917	  0.0405	  0.1135	  2.0179	  0.0000
  9.8973	 42.0917	  0.0307	  0.1038	  1.9271	  0.0000
 10.9795	 42.0917	  0.0718	  0.0959	  1.8893	  0.0000
 12.0616	 42.0917	  0.0751	  0.1252	  1.6145	  0.0000
 13.1438	 42.0917	  0.0551	  0.0075	  1.6745	  0.0000
 14.2260	 42.0917	  0.0419	  0.1086	  1.9599	  0.0000
 15.3081	 42.0917	  0.0615	  0.0555	  1.8263	  0.0000
 16.3903	 42.0917	 -0.0024	  0.0822	  1.8047	  0.0000
 17.4724	 42.0917	 -0.0332	  0.0612	  1.6561	  0.0000
 18.5546	 42.0917	 -0.0364	  0.0421	  1.8141	  0.0000
 19.6368	 42.0917	 -0.0901	  0.0073	  1.8986	  0.0000
 20.7189	 42.0917	 -0.0261	  0.0248	  1.7655	  0.0000
 21.8011	 42.0917	 -0.0041	  0.0207	  0.0000	  1.0000
 22.8833	 42.0917	  0.0143	 -0.0321	  1.4327	  0.0000
 23.9654	 42.0917	  0.0216	  0.0158	  1.5198	  0.0000
 25.0476	 42.0917	 -0.0263	  0.0099	  1.6296	  0.0000
 26.1298	 42.0917	 -0.0338	 -0.0455	  1.8606	  0.0000
 27.2119	 42.0917	  0.0060	 -0.0105	  0.0000	  1.0000
 28.2941	 42.0917	 -0.0219	  0.0050	  1.8013	  0.0000
 29.3763	 42.0917	 -0.0275	  0.0328	  2.0798	  0.0000
 30.4584	 42.0917	 -0.0185	 -0.0387	  1.9997	  0.0000
 31.5406	 42.0917	  0.0348	  0.0243	  1.8416	  0.0000
 32.6227	 42.0917	  0.0983	  0.0919	  1.6943	  0.0000
 33.7049	 42.0917	  0.0483	  0.0808	  1.7127	  0.0000
 34.7871	 42.0917	  0.0127	 -0.0357	  1.5978	  0.0000
 35.8692	 42.0917	  0.0039	  0.0148	  1.4899	  0.0000
 36.9514	 42.0917	  0.0371	  0.0240	  1.5923	  0.0000
 38.0336	 42.0917	 -0.0201	 -0.0497	  1.7078	  0.0000
 39.1157	 42.0917	  0.0418	  0.0494	  1.8924	  0.0000
 40.1979	 42.0917	 -0.0002	  0.0784	  1.6743	  0.0000
 41.2801	 42.0917	 -0.0048	  0.0685	  1.9505	  0.0000
 42.3622	 42.0917	  0.0033	  0.0752	  1.8714	  0.0000
 43.4444	 42.0917	 -0.0004	  0.0493	  1.9115	  0.0000
  1.2400	 43.1738	  0.0737	  0.2075	  1.5472	  0.0000
  2.3221	 43.1738	  0.1455	  0.2356	  1.3637	  0.0000
  3.4043	 43.1738	  0.1561	  0.2562	  1.3826	  0.0000
  4.4865	 43.1738	  0.0902	  0.0932	  1.2732	  0.0000
  5.5686	 43.1738	  0.0987	  0.1031	  1.5720	  0.0000
  6.6508	 43.1738	  0.0212	  0.1511	  1.6331	  0.0000
  7.7330	 43.1738	  0.0697	  0.1241	  1.3959	  0.0000
  8.8151	 43.1738	  0.0688	  0.0561	  1.5376	  0.0000
  9.8973	 43.1738	  0.0176	  0.1067	  1.9348	  0.0000
 10.9795	 43.1738	  0.0126	  0.0937	  1.7583	  0.0000
 12.0616	 43.1738	 -0.0108	  0.1523	  1.5869	  0.0000
 13.1438	 43.1738	  0.0147	  0.0837	  1.7455	  0.0000
 14.2260	 43.1738	  0.0316	  0.0918	  1.7216	  0.0000
 15.3081	 43.1738	  0.0721	  0.0805	  1.8050	  0.0000
 16.3903	 43.1738	  0.0088	  0.0422	  1.5615	  0.0000
 17.4724	 43.1738	  0.0071	  0.0666	  1.8392	  0.0000
 18.5546	 43.1738	  0.0018	  0.0460	  1.8088	  0.0000
 19.6368	 43.1738	 -0.0054	  0.0343	  0.0000	  1.0000
 20.7189	 43.1738	  0.0111	 -0.0012	  1.6651	  0.0000
 21.8011	 43.1738	  0.0053	  0.0283	  1.6152	  0.0000
 22.8833	 43.1738	 -0.0109	  0.0059	  1.6089	  0.0000
 23.9654	 43.1738	  0.0510	 -0.0388	  1.6531	  0.0000
 25.0476	 43.1738	  0.0380	 -0.0034	  1.6439	  0.0000
 26.1298	 43.1738	 -0.0479	 -0.0036	  1.7782	  0.0000
 27.2119	 43.1738	  0.0084	 -0.0169	  1.7997	  0.0000
 28.2941	 43.1738	  0.0134	 -0.0085	  1.8013	  0.0000
 29.3763	 43.1738	 -0.0213	  0.0199	  1.5096	  0.0000
 30.4584	 43.1738	  0.0126	  0.0478	  1.4896	  0.0000
 31.5406	 43.1738	  0.0706	  0.0455	  1.6669	  0.0000
 32.6227	 43.1738	  0.0385	  0.0616	  1.6636	  0.0000
 33.7049	 43.1738	  0.0553	  0.0683	  1.6897	  0.0000
 34.7871	 43.1738	  0.0212	 -0.0107	  1.7769	  0.0000
 35.8692	 43.1738	  0.0204	  0.0198	  1.7494	  0.0000
 36.9514	 43.1738	  0.0263	  0.0439	  1.8883	  0.0000
 38.0336	 43.1738	 -0.0410	  0.0002	  1.6373	  0.0000
 39.1157	 43.1738	  0.0156	  0.0430	  0.0000	  1.0000
 40.1979	 43.1738	 -0.0086	  0.1014	  1.5191	  0.0000
 41.2801	 43.1738	  0.0414	  0.1224	  1.7045	  0.0000
 42.3622	 43.1738	  0.0064	  0.0551	  0.0000	  1.0000
 43.4444	 43.1738	  0.0231	  0.0358	  1.8018	  0.0000
  1.2400	 44.2560	  0.1453	  0.1854	  1.5709	  0.0000
  2.3221	 44.2560	  0.0818	  0.1671	  0.0000	  1.0000
  3.4043	 44.2560	  0.0899	  0.2256	  1.4892	  0.0000
  4.4865	 44.2560	  0.0396	  0.1570	  1.5388	  0.0000
  5.5686	 44.2560	  0.0820	  0.1547	  1.4217	  0.0000
  6.6508	 44.2560	  0.0394	  0.1086	  1.5563	  0.0000
  7.7330	 44.2560	  0.1997	  0.1412	  1.3339	  0.0000
  8.8151	 44.2560	  0.0612	  0.1633	  1.6117	  0.0000
  9.8973	 44.2560	 -0.0074	  0.0900	  1.7426	  0.0000
 10.9795	 44.2560	  0.0367	  0.0521	  1.7245	  0.0000
 12.0616	 44.2560	  0.0435	  0.1153	  1.5642	  0.0000
 13.1438	 44.2560	  0.0033	  0.0358	  1.8059	  0.0000
 14.2260	 44.2560	  0.0053	  0.0387	  1.7235	  0.0000
 15.3081	 44.2560	  0.0112	  0.0496	  1.6871	  0.0000
 16.3903	 44.2560	  0.0325	  0.0725	  1.9201	  0.0000
 17.4724	 44.2560	 -0.0372	  0.0555	  1.7763	  0.0000
 18.5546	 44.2560	  0.0268	  0.0631	  1.6134	  0.0000
 19.6368	 44.2560	  0.0503	  0.1055	  1.6288	  0.0000
 20.7189	 44.2560	  0.0507	  0.0221	  1.6773	  0.0000
 21.8011	 44.2560	 -0.0273	 -0.0240	  1.7403	  0.0000
 22.8833	 44.2560	 -0.0018	  0.0073	  0.0000	  1.0000
 23.9654	 44.2560	 -0.0193	  0.0062	  1.5431	  0.0000
 25.0476	 44.2560	  0.0477	  0.0188	  1.7260	  0.0000
 26.1298	 44.2560	  0.0357	 -0.0397	  1.5921	  0.0000
 27.2119	 44.2560	 -0.0050	 -0.0492	  1.6962	  0.0000
 28.2941	 44.2560	 -0.0600	 -0.0162	  1.6840	  0.0000
 29.3763	 44.2560	  0.0268	  0.0204	  1.6276	  0.0000
 30.4584	 44.2560	  0.0147	 -0.0182	  1.5481	  0.0000
 31.5406	 44.2560	  0.0262	 -0.0224	  1.8068	  0.0000
 32.6227	 44.2560	  0.0146	  0.0015	  2.1009	  0.0000
 33.7049	 44.2560	 -0.0036	 -0.0276	  2.0424	  0.0000
 34.7871	 44.2560	  0.0255	  0.0444	  1.6785	  0.0000
 35.8692	 44.2560	  0.0810	  0.0413	  1.7574	  0.0000
 36.9514	 44.2560	  0.0107	  0.0206	  1.7910	  0.0000
 38.0336	 44.2560	  0.0243	  0.0674	  1.5260	  0.0000
 39.1157	 44.2560	 -0.0273	  0.0015	  2.1435	  0.0000
 40.1979	 44.2560	 -0.0443	  0.0735	  1.6746	  0.0000
 41.2801	 44.2560	  0.0166	 -0.0072	  2.1171	  0.0000
 42.3622	 44.2560	  0.0239	  0.0349	  2.5141	  0.0000
 43.4444	 44.2560	 -0.0089	  0.0317	  1.8648	  0.0000
