# x	y	u	v	s2n	mask
  0.2849	  0.2124	 -0.0102	 -0.0200	  2.0749	  0.0000
  0.5543	  0.2124	  0.0018	 -0.0221	  2.4069	  0.0000
  0.8237	  0.2124	  0.0087	 -0.0008	  2.4483	  0.0000
  1.0930	  0.2124	  0.0080	 -0.0083	  2.3120	  0.0000
  1.3624	  0.2124	  0.0045	 -0.0082	  2.1588	  0.0000
  1.6318	  0.2124	  0.0033	 -0.0011	  1.8987	  0.0000
  1.9012	  0.2124	  0.0018	 -0.0040	  2.1421	  0.0000
  2.1705	  0.2124	  0.0117	 -0.0120	  0.0000	  1.0000
  2.4399	  0.2124	  0.0107	 -0.0125	  1.9908	  0.0000
  2.7093	  0.2124	  0.0084	 -0.0117	  1.7893	  0.0000
  2.9787	  0.2124	  0.0035	 -0.0188	  1.8939	  0.0000
  3.2480	  0.2124	 -0.0017	 -0.0115	  2.0689	  0.0000
  3.5174	  0.2124	  0.0090	 -0.0095	  1.9342	  0.0000
  3.7868	  0.2124	  0.0052	 -0.0121	  2.0131	  0.0000
  4.0562	  0.2124	  0.0005	 -0.0068	  0.0000	  1.0000
  4.3255	  0.2124	  0.0070	 -0.0036	  1.7864	  0.0000
  4.5949	  0.2124	 -0.0037	 -0.0042	  2.0591	  0.0000
  4.8643	  0.2124	 -0.0069	  0.0075	  1.9244	  0.0000
  5.1337	  0.2124	 -0.0016	 -0.0116	  1.7673	  0.0000
  5.4030	  0.2124	  0.0144	 -0.0068	  1.7927	  0.0000
  5.6724	  0.2124	  0.0107	  0.0022	  1.6667	  0.0000
  5.9418	  0.2124	  0.0013	 -0.0131	  1.7772	  0.0000
  6.2111	  0.2124	  0.0126	 -0.0143	  1.7711	  0.0000
  6.4805	  0.2124	 -0.0045	 -0.0068	  1.8821	  0.0000
  6.7499	  0.2124	 -0.0025	 -0.0090	  1.9312	  0.0000
  7.0193	  0.2124	  0.0076	 -0.0160	  1.8151	  0.0000
  7.2886	  0.2124	  0.0122	 -0.0081	  1.7785	  0.0000
  7.5580	  0.2124	  0.0074	 -0.0076	  2.0599	  0.0000
  7.8274	  0.2124	  0.0060	 -0.0150	  1.7624	  0.0000
  8.0968	  0.2124	 -0.0021	 -0.0105	  1.9287	  0.0000
  8.3661	  0.2124	  0.0028	 -0.0144	  1.8426	  0.0000
  8.6355	  0.2124	  0.0093	 -0.0162	  1.8611	  0.0000
  8.9049	  0.2124	  0.0087	 -0.0076	  2.0085	  0.0000
  9.1743	  0.2124	 -0.0002	 -0.0036	  2.1200	  0.0000
  9.4436	  0.2124	  0.0013	 -0.0056	  1.9242	  0.0000
  9.7130	  0.2124	  0.0075	 -0.0088	  2.1018	  0.0000
  9.9824	  0.2124	  0.0092	 -0.0093	  2.1635	  0.0000
  0.2849	  0.4818	  0.0034	 -0.0174	  2.5000	  0.0000
  0.5543	  0.4818	 -0.0003	 -0.0126	  2.3752	  0.0000
  0.8237	  0.4818	  0.0005	 -0.0131	  2.0282	  0.0000
  1.0930	  0.4818	  0.0050	 -0.0112	  2.4166	  0.0000
  1.3624	  0.4818	  0.0049	 -0.0051	  2.0891	  0.0000
  1.6318	  0.4818	  0.0072	  0.0029	  1.9577	  0.0000
  1.9012	  0.4818	  0.0097	  0.0022	  1.9117	  0.0000
  2.1705	  0.4818	  0.0139	 -0.0054	  2.1540	  0.0000
  2.4399	  0.4818	  0.0024	 -0.0138	  2.1240	  0.0000
  2.7093	  0.4818	  0.0119	 -0.0222	  0.0000	  1.0000
  2.9787	  0.4818	  0.0001	 -0.0179	  1.8921	  0.0000
  3.2480	  0.4818	  0.0110	 -0.0102	  2.0355	  0.0000
  3.5174	  0.4818	  0.0064	 -0.0085	  1.9069	  0.0000
  3.7868	  0.4818	 -0.0019	 -0.0088	  2.0396	  0.0000
  4.0562	  0.4818	  0.0058	 -0.0023	  1.9754	  0.0000
  4.3255	  0.4818	  0.0003	 -0.0053	  0.0000	  1.0000
  4.5949	  0.4818	 -0.0025	 -0.0075	  1.9369	  0.0000
  4.8643	  0.4818	 -0.0123	 -0.0054	  1.6197	  0.0000
  5.1337	  0.4818	  0.0022	 -0.0014	  1.9277	  0.0000
  5.4030	  0.4818	  0.0006	 -0.0054	  1.7692	  0.0000
  5.6724	  0.4818	  0.0043	 -0.0094	  0.0000	  1.0000
  5.9418	  0.4818	  0.0051	 -0.0139	  1.7822	  0.0000
  6.2111	  0.4818	  0.0120	 -0.0104	  1.7938	  0.0000
  6.4805	  0.4818	  0.0016	 -0.0218	  1.7576	  0.0000
  6.7499	  0.4818	 -0.0012	 -0.0109	  1.8668	  0.0000
  7.0193	  0.4818	  0.0011	 -0.0115	  1.8572	  0.0000
  7.2886	  0.4818	 -0.0024	 -0.0030	  1.8915	  0.0000
  7.5580	  0.4818	  0.0019	  0.0021	  1.8586	  0.0000
  7.8274	  0.4818	  0.0117	 -0.0048	  1.8509	  0.0000
  8.0968	  0.4818	  0.0035	 -0.0144	  1.9342	  0.0000
  8.3661	  0.4818	  0.0150	 -0.0137	  1.5974	  0.0000
  8.6355	  0.4818	 -0.0004	 -0.0188	  1.6245	  0.0000
  8.9049	  0.4818	  0.0007	  0.0051	  1.9789	  0.0000
  9.1743	  0.4818	 -0.0063	 -0.0004	  1.9253	  0.0000
  9.4436	  0.4818	  0.0102	 -0.0158	  1.8535	  0.0000
  9.7130	  0.4818	  0.0077	 -0.0155	  1.9844	  0.0000
  9.9824	  0.4818	  0.0046	 -0.0189	  2.2547	  0.0000
  0.2849	  0.7511	 -0.0073	 -0.0230	  2.0474	  0.0000
  0.5543	  0.7511	 -0.0051	 -0.0096	  2.1813	  0.0000
  0.8237	  0.7511	 -0.0156	 -0.0011	  0.0000	  1.0000
  1.0930	  0.7511	 -0.0017	 -0.0050	  2.3596	  0.0000
  1.3624	  0.7511	  0.0121	  0.0105	  2.3366	  0.0000
  1.6318	  0.7511	  0.0148	 -0.0038	  2.0325	  0.0000
  1.9012	  0.7511	  0.0175	 -0.0045	  1.8520	  0.0000
  2.1705	  0.7511	  0.0274	 -0.0104	  1.9535	  0.0000
  2.4399	  0.7511	  0.0081	 -0.0222	  1.9631	  0.0000
  2.7093	  0.7511	  0.0092	 -0.0220	  1.8321	  0.0000
  2.9787	  0.7511	  0.0039	 -0.0283	  0.0000	  1.0000
  3.2480	  0.7511	  0.0078	 -0.0085	  2.1101	  0.0000
  3.5174	  0.7511	  0.0056	 -0.0127	  1.7375	  0.0000
  3.7868	  0.7511	  0.0011	 -0.0149	  2.0671	  0.0000
  4.0562	  0.7511	  0.0007	 -0.0074	  1.9487	  0.0000
  4.3255	  0.7511	  0.0007	 -0.0028	  2.0980	  0.0000
  4.5949	  0.7511	  0.0011	 -0.0003	  1.9411	  0.0000
  4.8643	  0.7511	 -0.0026	 -0.0042	  1.8459	  0.0000
  5.1337	  0.7511	  0.0050	  0.0009	  1.9126	  0.0000
  5.4030	  0.7511	  0.0087	  0.0005	  1.5480	  0.0000
  5.6724	  0.7511	  0.0030	 -0.0083	  1.6190	  0.0000
  5.9418	  0.7511	 -0.0110	 -0.0179	  1.8038	  0.0000
  6.2111	  0.7511	  0.0017	 -0.0225	  1.7646	  0.0000
  6.4805	  0.7511	 -0.0010	 -0.0169	  1.7405	  0.0000
  6.7499	  0.7511	  0.0009	 -0.0069	  1.9262	  0.0000
  7.0193	  0.7511	  0.0018	 -0.0164	  1.7260	  0.0000
  7.2886	  0.7511	 -0.0010	  0.0007	  1.9464	  0.0000
  7.5580	  0.7511	 -0.0003	 -0.0081	  1.9935	  0.0000
  7.8274	  0.7511	 -0.0013	 -0.0054	  1.8146	  0.0000
  8.0968	  0.7511	  0.0038	 -0.0163	  1.7035	  0.0000
  8.3661	  0.7511	  0.0163	 -0.0148	  1.8754	  0.0000
  8.6355	  0.7511	 -0.0004	 -0.0186	  1.7158	  0.0000
  8.9049	  0.7511	  0.0155	 -0.0063	  1.8210	  0.0000
  9.1743	  0.7511	  0.0058	 -0.0107	  0.0000	  1.0000
  9.4436	  0.7511	  0.0047	 -0.0134	  1.8670	  0.0000
  9.7130	  0.7511	  0.0095	 -0.0190	  2.1451	  0.0000
  9.9824	  0.7511	  0.0046	 -0.0148	  2.0797	  0.0000
  0.2849	  1.0205	 -0.0194	 -0.0083	  2.3157	  0.0000
  0.5543	  1.0205	 -0.0170	 -0.0027	  2.2533	  0.0000
  0.8237	  1.0205	 -0.0107	 -0.0061	  2.4391	  0.0000
  1.0930	  1.0205	 -0.0007	  0.0067	  2.2316	  0.0000
  1.3624	  1.0205	 -0.0233	 -0.0073	  0.0000	  1.0000
  1.6318	  1.0205	  0.0215	  0.0027	  1.8982	  0.0000
  1.9012	  1.0205	  0.0544	  0.0003	  1.5869	  0.0000
  2.1705	  1.0205	  0.0836	 -0.0354	  1.2651	  0.0000
  2.4399	  1.0205	  0.0069	 -0.0459	  1.3646	  0.0000
  2.7093	  1.0205	  0.0024	 -0.0255	  1.6089	  0.0000
  2.9787	  1.0205	 -0.0068	 -0.0161	  1.9532	  0.0000
  3.2480	  1.0205	 -0.0073	 -0.0157	  1.8318	  0.0000
  3.5174	  1.0205	 -0.0056	 -0.0140	  1.9217	  0.0000
  3.7868	  1.0205	  0.0008	 -0.0068	  1.9686	  0.0000
  4.0562	  1.0205	 -0.0040	 -0.0005	  1.8943	  0.0000
  4.3255	  1.0205	 -0.0087	 -0.0050	  1.9334	  0.0000
  4.5949	  1.0205	  0.0015	 -0.0074	  1.9039	  0.0000
  4.8643	  1.0205	  0.0058	 -0.0023	  2.0281	  0.0000
  5.1337	  1.0205	  0.0066	  0.0039	  1.6308	  0.0000
  5.4030	  1.0205	  0.0246	 -0.0080	  1.6453	  0.0000
  5.6724	  1.0205	  0.0244	 -0.0148	  1.5627	  0.0000
  5.9418	  1.0205	 -0.0014	 -0.0087	  0.0000	  1.0000
  6.2111	  1.0205	  0.0014	 -0.0212	  1.8756	  0.0000
  6.4805	  1.0205	  0.0043	 -0.0190	  1.8392	  0.0000
  6.7499	  1.0205	 -0.0050	 -0.0124	  1.7573	  0.0000
  7.0193	  1.0205	  0.0086	 -0.0121	  1.9164	  0.0000
  7.2886	  1.0205	  0.0004	 -0.0223	  1.6073	  0.0000
  7.5580	  1.0205	 -0.0003	 -0.0235	  1.8097	  0.0000
  7.8274	  1.0205	 -0.0019	 -0.0103	  1.8316	  0.0000
  8.0968	  1.0205	  0.0016	 -0.0040	  1.8381	  0.0000
  8.3661	  1.0205	  0.0082	 -0.0073	  1.9242	  0.0000
  8.6355	  1.0205	  0.0082	 -0.0086	  1.8779	  0.0000
  8.9049	  1.0205	  0.0182	 -0.0079	  2.0694	  0.0000
  9.1743	  1.0205	  0.0089	 -0.0167	  2.1834	  0.0000
  9.4436	  1.0205	  0.0062	 -0.0092	  2.0323	  0.0000
  9.7130	  1.0205	  0.0008	 -0.0109	  2.1552	  0.0000
  9.9824	  1.0205	  0.0112	 -0.0124	  1.8953	  0.0000
  0.2849	  1.2899	 -0.0202	 -0.0204	  1.9869	  0.0000
  0.5543	  1.2899	 -0.0300	 -0.0024	  2.2275	  0.0000
  0.8237	  1.2899	 -0.0113	  0.0084	  2.3510	  0.0000
  1.0930	  1.2899	 -0.0082	  0.0204	  1.9665	  0.0000
  1.3624	  1.2899	 -0.0074	  0.0215	  1.8034	  0.0000
  1.6318	  1.2899	  0.0138	  0.0132	  1.8997	  0.0000
  1.9012	  1.2899	  0.0898	 -0.0217	  1.2702	  0.0000
  2.1705	  1.2899	  0.0289	 -0.1415	  1.5165	  0.0000
  2.4399	  1.2899	  0.0225	 -0.1086	  1.5026	  0.0000
  2.7093	  1.2899	 -0.0075	 -0.0368	  1.6573	  0.0000
  2.9787	  1.2899	 -0.0060	 -0.0147	  2.0495	  0.0000
  3.2480	  1.2899	 -0.0055	 -0.0217	  2.0680	  0.0000
  3.5174	  1.2899	 -0.0137	 -0.0143	  1.9203	  0.0000
  3.7868	  1.2899	 -0.0008	 -0.0116	  1.9035	  0.0000
  4.0562	  1.2899	  0.0022	 -0.0040	  1.8024	  0.0000
  4.3255	  1.2899	 -0.0070	 -0.0017	  2.0745	  0.0000
  4.5949	  1.2899	 -0.0035	 -0.0068	  1.8836	  0.0000
  4.8643	  1.2899	  0.0111	 -0.0032	  1.9482	  0.0000
  5.1337	  1.2899	  0.0061	  0.0086	  1.8070	  0.0000
  5.4030	  1.2899	  0.0004	  0.0138	  1.4694	  0.0000
  5.6724	  1.2899	  0.0064	 -0.0176	  1.4032	  0.0000
  5.9418	  1.2899	  0.0055	 -0.0299	  1.4666	  0.0000
  6.2111	  1.2899	  0.0035	 -0.0318	  1.7530	  0.0000
  6.4805	  1.2899	  0.0077	 -0.0210	  1.7605	  0.0000
  6.7499	  1.2899	 -0.0103	 -0.0037	  1.8506	  0.0000
  7.0193	  1.2899	  0.0095	 -0.0052	  1.7422	  0.0000
  7.2886	  1.2899	  0.0046	 -0.0123	  1.7248	  0.0000
  7.5580	  1.2899	  0.0079	 -0.0170	  1.7477	  0.0000
  7.8274	  1.2899	 -0.0008	 -0.0138	  1.6849	  0.0000
  8.0968	  1.2899	  0.0064	 -0.0133	  1.7037	  0.0000
  8.3661	  1.2899	  0.0029	 -0.0145	  1.8372	  0.0000
  8.6355	  1.2899	  0.0088	 -0.0118	  1.8776	  0.0000
  8.9049	  1.2899	  0.0073	 -0.0107	  1.9903	  0.0000
  9.1743	  1.2899	  0.0035	 -0.0118	  1.9877	  0.0000
  9.4436	  1.2899	  0.0048	 -0.0100	  2.1260	  0.0000
  9.7130	  1.2899	 -0.0010	 -0.0094	  2.1120	  0.0000
  9.9824	  1.2899	  0.0092	 -0.0116	  2.0323	  0.0000
  0.2849	  1.5593	 -0.0342	 -0.0133	  2.1681	  0.0000
  0.5543	  1.5593	 -0.0436	  0.0035	  1.9514	  0.0000
  0.8237	  1.5593	 -0.0571	  0.0308	  1.6095	  0.0000
  1.0930	  1.5593	 -0.1179	  0.0098	  1.7038	  0.0000
  1.3624	  1.5593	 -0.1135	  0.0222	  1.5959	  0.0000
  1.6318	  1.5593	 -0.1148	  0.0305	  1.5200	  0.0000
  1.9012	  1.5593	 -0.0452	 -0.0607	  1.3478	  0.0000
  2.1705	  1.5593	 -0.0147	 -0.1450	  1.8177	  0.0000
  2.4399	  1.5593	 -0.0208	 -0.1125	  1.4388	  0.0000
  2.7093	  1.5593	 -0.0114	 -0.0442	  1.5792	  0.0000
  2.9787	  1.5593	 -0.0153	 -0.0347	  1.7798	  0.0000
  3.2480	  1.5593	 -0.0121	 -0.0274	  1.7125	  0.0000
  3.5174	  1.5593	 -0.0001	 -0.0085	  2.0216	  0.0000
  3.7868	  1.5593	 -0.0092	 -0.0136	  1.7388	  0.0000
  4.0562	  1.5593	 -0.0048	 -0.0099	  1.8545	  0.0000
  4.3255	  1.5593	 -0.0048	 -0.0046	  1.8445	  0.0000
  4.5949	  1.5593	 -0.0091	 -0.0033	  1.7711	  0.0000
  4.8643	  1.5593	 -0.0094	  0.0204	  1.8630	  0.0000
  5.1337	  1.5593	 -0.0052	  0.0446	  1.5978	  0.0000
  5.4030	  1.5593	 -0.0021	  0.0588	  1.5483	  0.0000
  5.6724	  1.5593	 -0.0101	  0.0124	  1.5233	  0.0000
  5.9418	  1.5593	 -0.0083	 -0.0512	  1.4227	  0.0000
  6.2111	  1.5593	  0.0047	 -0.0378	  1.5541	  0.0000
  6.4805	  1.5593	 -0.0012	 -0.0322	  1.6013	  0.0000
  6.7499	  1.5593	 -0.0047	 -0.0130	  1.6679	  0.0000
  7.0193	  1.5593	 -0.0014	 -0.0104	  1.9767	  0.0000
  7.2886	  1.5593	 -0.0002	 -0.0058	  1.9455	  0.0000
  7.5580	  1.5593	 -0.0000	 -0.0114	  1.7791	  0.0000
  7.8274	  1.5593	  0.0011	 -0.0059	  1.9516	  0.0000
  8.0968	  1.5593	  0.0026	 -0.0121	  1.8174	  0.0000
  8.3661	  1.5593	  0.0056	 -0.0129	  1.9576	  0.0000
  8.6355	  1.5593	 -0.0035	 -0.0109	  1.9689	  0.0000
  8.9049	  1.5593	  0.0059	 -0.0060	  1.7652	  0.0000
  9.1743	  1.5593	 -0.0029	 -0.0020	  1.9572	  0.0000
  9.4436	  1.5593	  0.0011	 -0.0093	  1.7894	  0.0000
  9.7130	  1.5593	  0.0022	 -0.0060	  2.0916	  0.0000
  9.9824	  1.5593	  0.0122	 -0.0088	  2.0237	  0.0000
  0.2849	  1.8286	 -0.0677	 -0.0063	  2.0083	  0.0000
  0.5543	  1.8286	 -0.1181	  0.0019	  1.7869	  0.0000
  0.8237	  1.8286	 -0.1643	  0.0154	  1.8816	  0.0000
  1.0930	  1.8286	 -0.1587	  0.0467	  1.7188	  0.0000
  1.3624	  1.8286	 -0.1637	  0.0366	  1.5966	  0.0000
  1.6318	  1.8286	 -0.1589	  0.0232	  1.9471	  0.0000
  1.9012	  1.8286	 -0.1313	 -0.0115	  1.5208	  0.0000
  2.1705	  1.8286	 -0.0538	 -0.0939	  1.3884	  0.0000
  2.4399	  1.8286	 -0.0568	 -0.0225	  0.0000	  1.0000
  2.7093	  1.8286	 -0.0413	 -0.0350	  1.4049	  0.0000
  2.9787	  1.8286	 -0.0245	 -0.0311	  1.6838	  0.0000
  3.2480	  1.8286	 -0.0196	 -0.0129	  1.9262	  0.0000
  3.5174	  1.8286	  0.0023	 -0.0123	  1.9704	  0.0000
  3.7868	  1.8286	 -0.0176	 -0.0156	  1.8925	  0.0000
  4.0562	  1.8286	 -0.0144	 -0.0111	  1.8766	  0.0000
  4.3255	  1.8286	 -0.0063	 -0.0146	  1.7570	  0.0000
  4.5949	  1.8286	 -0.0084	  0.0134	  1.6188	  0.0000
  4.8643	  1.8286	 -0.0096	  0.0579	  1.4308	  0.0000
  5.1337	  1.8286	 -0.0072	  0.0612	  1.2975	  0.0000
  5.4030	  1.8286	 -0.0402	  0.0371	  1.3490	  0.0000
  5.6724	  1.8286	 -0.0674	  0.0279	  1.3811	  0.0000
  5.9418	  1.8286	 -0.0467	 -0.0420	  1.3133	  0.0000
  6.2111	  1.8286	 -0.0083	 -0.0578	  1.5831	  0.0000
  6.4805	  1.8286	 -0.0090	 -0.0324	  1.6056	  0.0000
  6.7499	  1.8286	 -0.0013	 -0.0346	  1.6517	  0.0000
  7.0193	  1.8286	 -0.0031	 -0.0075	  1.6311	  0.0000
  7.2886	  1.8286	 -0.0031	 -0.0056	  1.8018	  0.0000
  7.5580	  1.8286	  0.0030	 -0.0171	  1.6505	  0.0000
  7.8274	  1.8286	 -0.0014	 -0.0110	  1.7314	  0.0000
  8.0968	  1.8286	  0.0061	 -0.0130	  1.9059	  0.0000
  8.3661	  1.8286	  0.0034	 -0.0111	  1.8436	  0.0000
  8.6355	  1.8286	  0.0082	 -0.0149	  1.8338	  0.0000
  8.9049	  1.8286	  0.0095	 -0.0270	  1.8804	  0.0000
  9.1743	  1.8286	 -0.0004	 -0.0055	  1.9480	  0.0000
  9.4436	  1.8286	 -0.0105	  0.0004	  1.9568	  0.0000
  9.7130	  1.8286	 -0.0042	 -0.0076	  1.8205	  0.0000
  9.9824	  1.8286	  0.0233	 -0.0110	  2.2773	  0.0000
  0.2849	  2.0980	 -0.1152	 -0.0308	  1.8695	  0.0000
  0.5543	  2.0980	 -0.1489	 -0.0274	  1.8813	  0.0000
  0.8237	  2.0980	 -0.1441	  0.0173	  1.6496	  0.0000
  1.0930	  2.0980	 -0.1463	  0.0775	  1.4022	  0.0000
  1.3624	  2.0980	 -0.1540	  0.0403	  1.5444	  0.0000
  1.6318	  2.0980	 -0.1387	  0.0126	  1.8198	  0.0000
  1.9012	  2.0980	 -0.1260	 -0.0090	  1.5109	  0.0000
  2.1705	  2.0980	 -0.0725	 -0.0395	  1.3283	  0.0000
  2.4399	  2.0980	 -0.0891	 -0.0036	  1.5473	  0.0000
  2.7093	  2.0980	 -0.0663	 -0.0108	  1.4597	  0.0000
  2.9787	  2.0980	 -0.0617	  0.0103	  1.6470	  0.0000
  3.2480	  2.0980	 -0.0177	 -0.0021	  1.6128	  0.0000
  3.5174	  2.0980	 -0.0108	 -0.0115	  1.6776	  0.0000
  3.7868	  2.0980	 -0.0185	 -0.0327	  1.5171	  0.0000
  4.0562	  2.0980	 -0.0210	 -0.0138	  1.7334	  0.0000
  4.3255	  2.0980	 -0.0137	 -0.0087	  1.5992	  0.0000
  4.5949	  2.0980	 -0.0160	  0.0131	  1.5310	  0.0000
  4.8643	  2.0980	 -0.0373	  0.0301	  1.3880	  0.0000
  5.1337	  2.0980	 -0.0341	  0.0318	  1.3130	  0.0000
  5.4030	  2.0980	 -0.1234	  0.0145	  1.4156	  0.0000
  5.6724	  2.0980	 -0.1434	 -0.0042	  1.6321	  0.0000
  5.9418	  2.0980	 -0.1077	 -0.0354	  1.4256	  0.0000
  6.2111	  2.0980	 -0.0169	 -0.0600	  1.3614	  0.0000
  6.4805	  2.0980	 -0.0227	 -0.0348	  1.6277	  0.0000
  6.7499	  2.0980	 -0.0123	 -0.0214	  1.6134	  0.0000
  7.0193	  2.0980	 -0.0147	 -0.0234	  1.7886	  0.0000
  7.2886	  2.0980	 -0.0147	 -0.0102	  1.8967	  0.0000
  7.5580	  2.0980	  0.0046	 -0.0186	  1.8672	  0.0000
  7.8274	  2.0980	  0.0043	 -0.0017	  1.8976	  0.0000
  8.0968	  2.0980	  0.0052	 -0.0023	  1.9751	  0.0000
  8.3661	  2.0980	  0.0034	 -0.0141	  1.7776	  0.0000
  8.6355	  2.0980	  0.0064	 -0.0175	  1.7344	  0.0000
  8.9049	  2.0980	  0.0069	 -0.0113	  1.9072	  0.0000
  9.1743	  2.0980	 -0.0005	 -0.0060	  1.9971	  0.0000
  9.4436	  2.0980	  0.0111	 -0.0077	  1.9241	  0.0000
  9.7130	  2.0980	  0.0101	 -0.0091	  2.0194	  0.0000
  9.9824	  2.0980	  0.0193	 -0.0123	  2.1294	  0.0000
  0.2849	  2.3674	 -0.1404	  0.0099	  0.0000	  1.0000
  0.5543	  2.3674	 -0.1381	 -0.0055	  1.6087	  0.0000
  0.8237	  2.3674	 -0.1006	  0.0158	  1.4198	  0.0000
  1.0930	  2.3674	 -0.1251	  0.0306	  1.4771	  0.0000
  1.3624	  2.3674	 -0.1380	  0.0583	  1.3688	  0.0000
  1.6318	  2.3674	 -0.1259	  0.0099	  1.5994	  0.0000
  1.9012	  2.3674	 -0.0911	 -0.0167	  1.4713	  0.0000
  2.1705	  2.3674	 -0.0732	 -0.0244	  1.4905	  0.0000
  2.4399	  2.3674	 -0.0996	 -0.0216	  1.4593	  0.0000
  2.7093	  2.3674	 -0.1407	 -0.0132	  1.5597	  0.0000
  2.9787	  2.3674	 -0.1445	  0.0223	  1.4400	  0.0000
  3.2480	  2.3674	 -0.1405	  0.0192	  1.4733	  0.0000
  3.5174	  2.3674	 -0.1276	 -0.0112	  1.5568	  0.0000
  3.7868	  2.3674	 -0.1155	 -0.0349	  1.4429	  0.0000
  4.0562	  2.3674	 -0.1155	 -0.0202	  1.4249	  0.0000
  4.3255	  2.3674	 -0.0698	 -0.0097	  1.4641	  0.0000
  4.5949	  2.3674	 -0.0397	 -0.0060	  1.7075	  0.0000
  4.8643	  2.3674	 -0.0262	  0.0046	  1.4496	  0.0000
  5.1337	  2.3674	 -0.0533	  0.0125	  1.3854	  0.0000
  5.4030	  2.3674	 -0.1408	  0.0042	  1.6226	  0.0000
  5.6724	  2.3674	 -0.1344	 -0.0131	  1.4499	  0.0000
  5.9418	  2.3674	 -0.0995	 -0.0230	  1.3681	  0.0000
  6.2111	  2.3674	 -0.0564	 -0.0400	  1.2706	  0.0000
  6.4805	  2.3674	 -0.0320	 -0.0430	  1.4619	  0.0000
  6.7499	  2.3674	 -0.0388	 -0.0165	  1.4830	  0.0000
  7.0193	  2.3674	 -0.0191	 -0.0143	  1.5487	  0.0000
  7.2886	  2.3674	 -0.0202	 -0.0109	  1.6289	  0.0000
  7.5580	  2.3674	 -0.0165	 -0.0019	  1.9427	  0.0000
  7.8274	  2.3674	 -0.0076	  0.0013	  1.6686	  0.0000
  8.0968	  2.3674	  0.0011	 -0.0009	  1.8293	  0.0000
  8.3661	  2.3674	  0.0119	 -0.0111	  1.8752	  0.0000
  8.6355	  2.3674	  0.0055	 -0.0135	  1.9639	  0.0000
  8.9049	  2.3674	  0.0180	 -0.0218	  1.8276	  0.0000
  9.1743	  2.3674	  0.0134	 -0.0292	  1.8105	  0.0000
  9.4436	  2.3674	  0.0085	 -0.0105	  1.7541	  0.0000
  9.7130	  2.3674	  0.0024	 -0.0093	  1.9482	  0.0000
  9.9824	  2.3674	  0.0084	 -0.0194	  1.9551	  0.0000
  0.2849	  2.6368	 -0.2249	 -0.0889	  1.3775	  0.0000
  0.5543	  2.6368	 -0.2391	  0.0269	  1.5293	  0.0000
  0.8237	  2.6368	 -0.1524	  0.0569	  1.4185	  0.0000
  1.0930	  2.6368	 -0.0510	  0.0512	  1.3902	  0.0000
  1.3624	  2.6368	 -0.0649	  0.0223	  1.4775	  0.0000
  1.6318	  2.6368	 -0.1301	  0.0081	  1.6732	  0.0000
  1.9012	  2.6368	 -0.0847	 -0.0097	  1.5958	  0.0000
  2.1705	  2.6368	 -0.0896	 -0.0079	  1.4404	  0.0000
  2.4399	  2.6368	 -0.1751	  0.0225	  0.0000	  1.0000
  2.7093	  2.6368	 -0.1415	 -0.0357	  1.4954	  0.0000
  2.9787	  2.6368	 -0.1796	  0.0239	  1.4597	  0.0000
  3.2480	  2.6368	 -0.1647	  0.0100	  1.5394	  0.0000
  3.5174	  2.6368	 -0.1726	 -0.0433	  1.3823	  0.0000
  3.7868	  2.6368	 -0.1875	 -0.0829	  1.2155	  0.0000
  4.0562	  2.6368	 -0.2064	  0.0061	  1.2962	  0.0000
  4.3255	  2.6368	 -0.1948	  0.0084	  1.3510	  0.0000
  4.5949	  2.6368	 -0.1869	 -0.0150	  1.5505	  0.0000
  4.8643	  2.6368	 -0.1388	 -0.0293	  1.3916	  0.0000
  5.1337	  2.6368	 -0.1512	 -0.0110	  1.5899	  0.0000
  5.4030	  2.6368	 -0.1342	 -0.0020	  1.7003	  0.0000
  5.6724	  2.6368	 -0.1360	 -0.0018	  1.6129	  0.0000
  5.9418	  2.6368	 -0.0867	 -0.0044	  1.4840	  0.0000
  6.2111	  2.6368	 -0.0389	 -0.0244	  1.3770	  0.0000
  6.4805	  2.6368	 -0.0326	 -0.0419	  1.4401	  0.0000
  6.7499	  2.6368	 -0.0285	 -0.0379	  1.3758	  0.0000
  7.0193	  2.6368	 -0.0347	 -0.0063	  1.4386	  0.0000
  7.2886	  2.6368	 -0.0383	 -0.0053	  1.5547	  0.0000
  7.5580	  2.6368	 -0.0202	  0.0051	  1.5528	  0.0000
  7.8274	  2.6368	 -0.0183	  0.0205	  1.6995	  0.0000
  8.0968	  2.6368	  0.0048	  0.0106	  1.7802	  0.0000
  8.3661	  2.6368	  0.0167	 -0.0018	  1.6151	  0.0000
  8.6355	  2.6368	  0.0299	 -0.0172	  1.5258	  0.0000
  8.9049	  2.6368	  0.0422	 -0.0262	  1.4712	  0.0000
  9.1743	  2.6368	  0.0302	 -0.0436	  1.7590	  0.0000
  9.4436	  2.6368	  0.0095	 -0.0229	  1.7197	  0.0000
  9.7130	  2.6368	 -0.0059	 -0.0212	  1.9681	  0.0000
  9.9824	  2.6368	 -0.0072	 -0.0206	  2.0224	  0.0000
  0.2849	  2.9061	 -0.1935	  0.0067	  0.0000	  1.0000
  0.5543	  2.9061	 -0.2155	  0.0021	  1.5759	  0.0000
  0.8237	  2.9061	 -0.1597	  0.0662	  1.4579	  0.0000
  1.0930	  2.9061	 -0.1538	  0.0061	  1.4491	  0.0000
  1.3624	  2.9061	 -0.1452	 -0.0338	  1.6212	  0.0000
  1.6318	  2.9061	 -0.1619	 -0.0015	  1.7749	  0.0000
  1.9012	  2.9061	 -0.1548	  0.0023	  1.6694	  0.0000
  2.1705	  2.9061	 -0.1395	 -0.0119	  1.1761	  0.0000
  2.4399	  2.9061	 -0.1533	 -0.0048	  1.3716	  0.0000
  2.7093	  2.9061	 -0.1686	 -0.0077	  1.4530	  0.0000
  2.9787	  2.9061	 -0.1860	  0.1293	  1.2797	  0.0000
  3.2480	  2.9061	 -0.1782	  0.1059	  1.4263	  0.0000
  3.5174	  2.9061	 -0.2946	  0.1113	  1.2544	  0.0000
  3.7868	  2.9061	 -0.2203	  0.1178	  1.3430	  0.0000
  4.0562	  2.9061	 -0.1675	  0.1099	  1.4592	  0.0000
  4.3255	  2.9061	 -0.2482	  0.0408	  1.4065	  0.0000
  4.5949	  2.9061	 -0.2931	 -0.0092	  1.6251	  0.0000
  4.8643	  2.9061	 -0.2653	 -0.0060	  1.4703	  0.0000
  5.1337	  2.9061	 -0.1761	 -0.0082	  1.5813	  0.0000
  5.4030	  2.9061	 -0.2037	  0.0291	  0.0000	  1.0000
  5.6724	  2.9061	 -0.1422	  0.0168	  1.7281	  0.0000
  5.9418	  2.9061	 -0.1233	  0.0554	  1.2718	  0.0000
  6.2111	  2.9061	 -0.0671	 -0.0667	  1.1965	  0.0000
  6.4805	  2.9061	 -0.0322	 -0.1139	  1.3478	  0.0000
  6.7499	  2.9061	 -0.0330	 -0.1030	  1.2946	  0.0000
  7.0193	  2.9061	 -0.1325	 -0.0149	  1.4037	  0.0000
  7.2886	  2.9061	 -0.1231	  0.0061	  1.4618	  0.0000
  7.5580	  2.9061	 -0.0994	  0.0554	  1.2206	  0.0000
  7.8274	  2.9061	 -0.1306	  0.0780	  1.1967	  0.0000
  8.0968	  2.9061	 -0.0434	  0.0403	  1.1272	  0.0000
  8.3661	  2.9061	 -0.0336	  0.0111	  1.4073	  0.0000
  8.6355	  2.9061	  0.0063	 -0.0199	  1.6460	  0.0000
  8.9049	  2.9061	  0.0219	 -0.0580	  1.4321	  0.0000
  9.1743	  2.9061	 -0.0081	 -0.0696	  1.4196	  0.0000
  9.4436	  2.9061	 -0.0139	 -0.0198	  1.7991	  0.0000
  9.7130	  2.9061	 -0.0143	 -0.0090	  1.9859	  0.0000
  9.9824	  2.9061	 -0.0009	 -0.0255	  2.0083	  0.0000
  0.2849	  3.1755	 -0.1547	 -0.0380	  1.5684	  0.0000
  0.5543	  3.1755	 -0.1540	 -0.0059	  1.7826	  0.0000
  0.8237	  3.1755	 -0.1772	  0.0115	  1.7954	  0.0000
  1.0930	  3.1755	 -0.2352	  0.0079	  1.4535	  0.0000
  1.3624	  3.1755	 -0.2091	 -0.0053	  1.4703	  0.0000
  1.6318	  3.1755	 -0.2137	 -0.0046	  1.3004	  0.0000
  1.9012	  3.1755	 -0.3237	 -0.0160	  1.1811	  0.0000
  2.1705	  3.1755	 -0.4198	  0.1210	  1.1183	  0.0000
  2.4399	  3.1755	 -0.3690	  0.1235	  1.4548	  0.0000
  2.7093	  3.1755	 -0.2986	  0.1241	  1.3119	  0.0000
  2.9787	  3.1755	 -0.3067	  0.1974	  1.3024	  0.0000
  3.2480	  3.1755	 -0.3106	  0.1335	  1.4332	  0.0000
  3.5174	  3.1755	 -0.3097	  0.0542	  1.4809	  0.0000
  3.7868	  3.1755	 -0.2573	  0.1270	  1.4265	  0.0000
  4.0562	  3.1755	 -0.2129	  0.1371	  1.4368	  0.0000
  4.3255	  3.1755	 -0.1987	  0.0356	  1.2514	  0.0000
  4.5949	  3.1755	 -0.1869	 -0.0015	  1.5755	  0.0000
  4.8643	  3.1755	 -0.2420	  0.0027	  1.3740	  0.0000
  5.1337	  3.1755	 -0.2678	 -0.0024	  1.4413	  0.0000
  5.4030	  3.1755	 -0.2309	  0.0174	  1.1476	  0.0000
  5.6724	  3.1755	 -0.2083	  0.0965	  1.1494	  0.0000
  5.9418	  3.1755	 -0.1846	  0.1230	  1.2384	  0.0000
  6.2111	  3.1755	 -0.1487	  0.0051	  1.3340	  0.0000
  6.4805	  3.1755	 -0.1405	 -0.1282	  1.3749	  0.0000
  6.7499	  3.1755	 -0.1295	 -0.1120	  1.4833	  0.0000
  7.0193	  3.1755	 -0.1613	 -0.0390	  1.3880	  0.0000
  7.2886	  3.1755	 -0.1819	 -0.0071	  1.4227	  0.0000
  7.5580	  3.1755	 -0.2870	  0.1326	  1.5045	  0.0000
  7.8274	  3.1755	 -0.2814	  0.1492	  1.2868	  0.0000
  8.0968	  3.1755	 -0.2012	  0.0281	  1.1356	  0.0000
  8.3661	  3.1755	 -0.1899	  0.0350	  1.2093	  0.0000
  8.6355	  3.1755	 -0.0630	 -0.0091	  1.3769	  0.0000
  8.9049	  3.1755	 -0.0166	 -0.0390	  1.4885	  0.0000
  9.1743	  3.1755	 -0.0324	 -0.0618	  1.4636	  0.0000
  9.4436	  3.1755	 -0.0799	 -0.0222	  1.6233	  0.0000
  9.7130	  3.1755	 -0.0214	  0.0224	  1.8697	  0.0000
  9.9824	  3.1755	  0.0267	 -0.0130	  1.9628	  0.0000
  0.2849	  3.4449	 -0.1744	 -0.0163	  1.9145	  0.0000
  0.5543	  3.4449	 -0.2044	 -0.0401	  1.5839	  0.0000
  0.8237	  3.4449	 -0.3047	 -0.0114	  1.6379	  0.0000
  1.0930	  3.4449	 -0.3079	  0.0671	  1.3915	  0.0000
  1.3624	  3.4449	 -0.2725	 -0.0433	  1.4200	  0.0000
  1.6318	  3.4449	 -0.3151	 -0.1265	  1.7488	  0.0000
  1.9012	  3.4449	 -0.3166	 -0.1195	  1.4394	  0.0000
  2.1705	  3.4449	 -0.3728	  0.1460	  1.0896	  0.0000
  2.4399	  3.4449	 -0.3677	  0.2740	  1.3699	  0.0000
  2.7093	  3.4449	 -0.3049	  0.1830	  1.3734	  0.0000
  2.9787	  3.4449	 -0.3404	  0.1291	  1.2412	  0.0000
  3.2480	  3.4449	 -0.3398	 -0.0375	  1.4395	  0.0000
  3.5174	  3.4449	 -0.3116	 -0.0123	  1.5734	  0.0000
  3.7868	  3.4449	 -0.3166	  0.0106	  1.5699	  0.0000
  4.0562	  3.4449	 -0.3263	  0.0258	  1.4571	  0.0000
  4.3255	  3.4449	 -0.3206	  0.0167	  1.3935	  0.0000
  4.5949	  3.4449	 -0.3021	 -0.0110	  1.4796	  0.0000
  4.8643	  3.4449	 -0.3102	  0.0028	  1.5157	  0.0000
  5.1337	  3.4449	 -0.3182	 -0.0072	  1.5349	  0.0000
  5.4030	  3.4449	 -0.3425	  0.0035	  1.2502	  0.0000
  5.6724	  3.4449	 -0.4458	  0.1680	  1.3384	  0.0000
  5.9418	  3.4449	 -0.3836	  0.2663	  1.1397	  0.0000
  6.2111	  3.4449	 -0.3853	  0.0491	  1.1041	  0.0000
  6.4805	  3.4449	 -0.4509	  0.0033	  1.1375	  0.0000
  6.7499	  3.4449	 -0.1434	 -0.0894	  1.2513	  0.0000
  7.0193	  3.4449	 -0.1573	 -0.1003	  1.2358	  0.0000
  7.2886	  3.4449	 -0.3170	 -0.0637	  1.1095	  0.0000
  7.5580	  3.4449	 -0.4575	  0.2336	  1.0953	  0.0000
  7.8274	  3.4449	 -0.3343	  0.1416	  1.0929	  0.0000
  8.0968	  3.4449	 -0.2550	  0.0532	  1.1479	  0.0000
  8.3661	  3.4449	 -0.3098	 -0.0014	  1.4912	  0.0000
  8.6355	  3.4449	 -0.2014	  0.0031	  1.3822	  0.0000
  8.9049	  3.4449	 -0.1510	 -0.0258	  1.3683	  0.0000
  9.1743	  3.4449	 -0.1984	 -0.0640	  1.1755	  0.0000
  9.4436	  3.4449	 -0.2124	  0.0156	  1.1651	  0.0000
  9.7130	  3.4449	 -0.3865	  0.1622	  1.2029	  0.0000
  9.9824	  3.4449	 -0.3600	  0.0513	  1.0284	  1.0000
  0.2849	  3.7143	 -0.2018	 -0.0107	  1.4761	  0.0000
  0.5543	  3.7143	 -0.2948	 -0.1012	  1.3797	  0.0000
  0.8237	  3.7143	 -0.3624	 -0.0004	  1.3037	  0.0000
  1.0930	  3.7143	 -0.3978	  0.1095	  1.5462	  0.0000
  1.3624	  3.7143	 -0.3190	 -0.0138	  1.3868	  0.0000
  1.6318	  3.7143	 -0.3155	 -0.1396	  1.8504	  0.0000
  1.9012	  3.7143	 -0.3177	 -0.0256	  1.6451	  0.0000
  2.1705	  3.7143	 -0.3294	  0.0487	  1.3410	  0.0000
  2.4399	  3.7143	 -0.4716	  0.3294	  1.3349	  0.0000
  2.7093	  3.7143	 -0.4360	  0.1791	  1.3835	  0.0000
  2.9787	  3.7143	 -0.4520	  0.0195	  1.3244	  0.0000
  3.2480	  3.7143	 -0.3460	 -0.0202	  1.5171	  0.0000
  3.5174	  3.7143	 -0.4041	 -0.0201	  1.4115	  0.0000
  3.7868	  3.7143	 -0.4539	  0.0107	  1.4547	  0.0000
  4.0562	  3.7143	 -0.4760	 -0.0010	  1.5635	  0.0000
  4.3255	  3.7143	 -0.4735	  0.0059	  1.6946	  0.0000
  4.5949	  3.7143	 -0.4192	  0.0132	  1.3968	  0.0000
  4.8643	  3.7143	 -0.3252	  0.0041	  1.6360	  0.0000
  5.1337	  3.7143	 -0.3288	 -0.0041	  1.4601	  0.0000
  5.4030	  3.7143	 -0.3114	 -0.0034	  1.2322	  0.0000
  5.6724	  3.7143	 -0.3249	  0.2624	  1.3096	  0.0000
  5.9418	  3.7143	 -0.4589	  0.2942	  1.2908	  0.0000
  6.2111	  3.7143	 -0.6842	  0.2932	  1.1683	  0.0000
  6.4805	  3.7143	 -0.4686	  0.1273	  1.1654	  0.0000
  6.7499	  3.7143	 -0.3823	  0.1108	  1.1127	  0.0000
  7.0193	  3.7143	 -0.3227	 -0.0620	  1.1281	  0.0000
  7.2886	  3.7143	 -0.3134	 -0.1338	  1.3380	  0.0000
  7.5580	  3.7143	 -0.4622	  0.0527	  1.0183	  1.0000
  7.8274	  3.7143	 -0.4814	  0.0577	  1.0207	  1.0000
  8.0968	  3.7143	 -0.4737	 -0.1331	  1.0955	  0.0000
  8.3661	  3.7143	 -0.4468	 -0.0328	  1.2147	  0.0000
  8.6355	  3.7143	 -0.3629	  0.0152	  1.2137	  0.0000
  8.9049	  3.7143	 -0.3544	 -0.0095	  1.2461	  0.0000
  9.1743	  3.7143	 -0.4333	 -0.0443	  1.2674	  0.0000
  9.4436	  3.7143	 -0.4611	  0.0964	  1.1469	  0.0000
  9.7130	  3.7143	 -0.5172	  0.1800	  1.4687	  0.0000
  9.9824	  3.7143	 -0.6430	  0.1306	  1.4283	  0.0000
  0.2849	  3.9836	 -0.3179	 -0.0077	  1.5671	  0.0000
  0.5543	  3.9836	 -0.3312	 -0.0330	  1.5762	  0.0000
  0.8237	  3.9836	 -0.3230	 -0.0002	  1.6465	  0.0000
  1.0930	  3.9836	 -0.3425	  0.0616	  1.4199	  0.0000
  1.3624	  3.9836	 -0.3490	 -0.0021	  1.3548	  0.0000
  1.6318	  3.9836	 -0.3138	 -0.1031	  1.4170	  0.0000
  1.9012	  3.9836	 -0.3199	 -0.0678	  1.4162	  0.0000
  2.1705	  3.9836	 -0.3538	  0.0001	  1.1587	  0.0000
  2.4399	  3.9836	 -0.4612	  0.2814	  1.3831	  0.0000
  2.7093	  3.9836	 -0.4830	  0.1858	  1.3415	  0.0000
  2.9787	  3.9836	 -0.4749	  0.1271	  1.4863	  0.0000
  3.2480	  3.9836	 -0.5051	 -0.0075	  1.4452	  0.0000
  3.5174	  3.9836	 -0.4571	  0.0118	  1.4591	  0.0000
  3.7868	  3.9836	 -0.5054	 -0.0145	  1.5121	  0.0000
  4.0562	  3.9836	 -0.5548	  0.0109	  1.4231	  0.0000
  4.3255	  3.9836	 -0.4719	 -0.0198	  1.4235	  0.0000
  4.5949	  3.9836	 -0.3860	 -0.0050	  1.3455	  0.0000
  4.8643	  3.9836	 -0.3395	  0.0031	  1.2287	  0.0000
  5.1337	  3.9836	 -0.3541	  0.0141	  1.1404	  0.0000
  5.4030	  3.9836	 -0.3231	  0.0575	  1.1431	  0.0000
  5.6724	  3.9836	 -0.4892	  0.0541	  1.1396	  0.0000
  5.9418	  3.9836	 -0.4947	  0.0858	  1.0217	  1.0000
  6.2111	  3.9836	 -0.6726	  0.2529	  1.1129	  0.0000
  6.4805	  3.9836	 -0.5277	  0.1820	  1.0750	  0.0000
  6.7499	  3.9836	 -0.3739	  0.1231	  1.1391	  0.0000
  7.0193	  3.9836	 -0.4642	 -0.0904	  1.2675	  0.0000
  7.2886	  3.9836	 -0.4589	 -0.0165	  1.4714	  0.0000
  7.5580	  3.9836	 -0.5001	 -0.0108	  1.1702	  0.0000
  7.8274	  3.9836	 -0.7147	  0.2920	  1.2200	  0.0000
  8.0968	  3.9836	 -0.8945	  0.1662	  1.1056	  0.0000
  8.3661	  3.9836	 -0.5705	 -0.0462	  1.1293	  0.0000
  8.6355	  3.9836	 -0.6338	  0.0989	  1.0186	  1.0000
  8.9049	  3.9836	 -0.6363	 -0.0934	  1.1872	  0.0000
  9.1743	  3.9836	 -0.6697	 -0.1377	  1.0577	  0.0000
  9.4436	  3.9836	 -1.0158	  0.3054	  1.1113	  0.0000
  9.7130	  3.9836	 -0.8247	  0.1423	  1.2221	  0.0000
  9.9824	  3.9836	 -0.7868	  0.2512	  1.1240	  0.0000
  0.2849	  4.2530	 -0.3722	  0.0248	  1.2281	  0.0000
  0.5543	  4.2530	 -0.3410	 -0.0048	  1.5434	  0.0000
  0.8237	  4.2530	 -0.3546	 -0.0140	  1.4962	  0.0000
  1.0930	  4.2530	 -0.4291	 -0.0268	  0.0000	  1.0000
  1.3624	  4.2530	 -0.4477	  0.0342	  1.5879	  0.0000
  1.6318	  4.2530	 -0.4523	 -0.0243	  1.4864	  0.0000
  1.9012	  4.2530	 -0.4185	 -0.1574	  1.4411	  0.0000
  2.1705	  4.2530	 -0.4388	  0.0224	  1.2836	  0.0000
  2.4399	  4.2530	 -0.4708	  0.2635	  1.3424	  0.0000
  2.7093	  4.2530	 -0.4669	  0.1578	  1.3286	  0.0000
  2.9787	  4.2530	 -0.4753	  0.0542	  1.5309	  0.0000
  3.2480	  4.2530	 -0.4691	  0.0330	  1.4292	  0.0000
  3.5174	  4.2530	 -0.4996	  0.0426	  1.2713	  0.0000
  3.7868	  4.2530	 -0.4917	 -0.1053	  1.3987	  0.0000
  4.0562	  4.2530	 -0.5158	 -0.0386	  1.3334	  0.0000
  4.3255	  4.2530	 -0.5255	 -0.0473	  1.0954	  0.0000
  4.5949	  4.2530	 -0.5149	 -0.0091	  1.1278	  0.0000
  4.8643	  4.2530	 -0.5909	 -0.0131	  1.3380	  0.0000
  5.1337	  4.2530	 -0.5114	  0.0309	  1.1387	  0.0000
  5.4030	  4.2530	 -0.5459	  0.0936	  0.0000	  1.0000
  5.6724	  4.2530	 -0.9194	  0.0950	  1.0530	  0.0000
  5.9418	  4.2530	 -0.8016	  0.2229	  1.2657	  0.0000
  6.2111	  4.2530	 -0.6239	  0.2002	  1.0979	  0.0000
  6.4805	  4.2530	 -0.4896	  0.1504	  1.3770	  0.0000
  6.7499	  4.2530	 -0.5846	 -0.0532	  1.1634	  0.0000
  7.0193	  4.2530	 -0.6180	 -0.1565	  1.1980	  0.0000
  7.2886	  4.2530	 -0.6376	 -0.1356	  1.1381	  0.0000
  7.5580	  4.2530	 -0.6189	 -0.1062	  1.2917	  0.0000
  7.8274	  4.2530	 -0.9378	  0.2606	  1.0520	  0.0000
  8.0968	  4.2530	 -0.9990	  0.1641	  1.1674	  0.0000
  8.3661	  4.2530	 -1.0098	 -0.1682	  1.0882	  0.0000
  8.6355	  4.2530	 -0.8964	 -0.1352	  1.2366	  0.0000
  8.9049	  4.2530	 -0.7649	 -0.0085	  1.1805	  0.0000
  9.1743	  4.2530	 -0.7615	  0.3224	  1.0932	  0.0000
  9.4436	  4.2530	 -0.8954	 -0.0269	  1.1226	  0.0000
  9.7130	  4.2530	 -0.8632	  0.2693	  1.1096	  0.0000
  9.9824	  4.2530	 -0.9341	  0.0900	  1.0775	  0.0000
  0.2849	  4.5224	 -0.4937	  0.0153	  1.4171	  0.0000
  0.5543	  4.5224	 -0.4709	 -0.0020	  1.7384	  0.0000
  0.8237	  4.5224	 -0.5181	 -0.0341	  1.4596	  0.0000
  1.0930	  4.5224	 -0.5109	  0.0063	  1.3392	  0.0000
  1.3624	  4.5224	 -0.5654	  0.0084	  1.3127	  0.0000
  1.6318	  4.5224	 -0.5679	 -0.0269	  1.3162	  0.0000
  1.9012	  4.5224	 -0.4768	 -0.1368	  1.3672	  0.0000
  2.1705	  4.5224	 -0.5052	  0.0493	  0.0000	  1.0000
  2.4399	  4.5224	 -0.4265	  0.3223	  1.5381	  0.0000
  2.7093	  4.5224	 -0.5866	  0.1661	  1.3605	  0.0000
  2.9787	  4.5224	 -0.5202	  0.0991	  1.1964	  0.0000
  3.2480	  4.5224	 -0.4955	  0.0604	  1.3030	  0.0000
  3.5174	  4.5224	 -0.6108	  0.0201	  1.3496	  0.0000
  3.7868	  4.5224	 -0.6118	 -0.0762	  1.1427	  0.0000
  4.0562	  4.5224	 -0.7519	 -0.1601	  1.2036	  0.0000
  4.3255	  4.5224	 -0.9030	 -0.1062	  1.2019	  0.0000
  4.5949	  4.5224	 -0.5276	 -0.0200	  1.0077	  1.0000
  4.8643	  4.5224	 -0.5411	  0.0145	  1.0479	  1.0000
  5.1337	  4.5224	 -0.8036	 -0.1408	  1.1110	  0.0000
  5.4030	  4.5224	 -0.8255	  0.0296	  1.1245	  0.0000
  5.6724	  4.5224	 -0.7923	  0.1533	  1.1735	  0.0000
  5.9418	  4.5224	 -0.7420	  0.3846	  1.1375	  0.0000
  6.2111	  4.5224	 -0.6486	  0.3562	  1.1255	  0.0000
  6.4805	  4.5224	 -0.4943	  0.1092	  1.0925	  0.0000
  6.7499	  4.5224	 -0.6031	 -0.1630	  1.2740	  0.0000
  7.0193	  4.5224	 -0.6429	 -0.1925	  1.1526	  0.0000
  7.2886	  4.5224	 -0.6234	 -0.3177	  1.0844	  0.0000
  7.5580	  4.5224	 -0.7743	  0.0446	  1.0374	  1.0000
  7.8274	  4.5224	 -0.6004	 -0.0519	  1.1108	  0.0000
  8.0968	  4.5224	 -2.0143	  2.8134	  1.0540	  0.0000
  8.3661	  4.5224	 -1.1499	 -0.0661	  1.0560	  0.0000
  8.6355	  4.5224	 -1.0665	  0.0059	  1.1268	  0.0000
  8.9049	  4.5224	 -1.0830	  0.2857	  1.0957	  0.0000
  9.1743	  4.5224	 -0.8775	  0.0362	  1.0415	  1.0000
  9.4436	  4.5224	 -0.9467	  0.0018	  1.2224	  0.0000
  9.7130	  4.5224	 -0.8840	  0.0558	  1.0201	  1.0000
  9.9824	  4.5224	 -0.9664	 -0.0187	  1.2048	  0.0000
  0.2849	  4.7918	 -0.6405	 -0.0030	  1.6353	  0.0000
  0.5543	  4.7918	 -0.6198	 -0.0205	  1.5008	  0.0000
  0.8237	  4.7918	 -0.5929	  0.0193	  1.5227	  0.0000
  1.0930	  4.7918	 -0.5957	  0.0049	  1.5031	  0.0000
  1.3624	  4.7918	 -0.6134	 -0.0208	  1.4939	  0.0000
  1.6318	  4.7918	 -0.5645	 -0.1113	  1.3116	  0.0000
  1.9012	  4.7918	 -0.4465	 -0.0321	  1.3473	  0.0000
  2.1705	  4.7918	 -0.5201	  0.0504	  0.0000	  1.0000
  2.4399	  4.7918	 -0.5501	  0.2930	  1.3882	  0.0000
  2.7093	  4.7918	 -0.6330	  0.1423	  1.0578	  0.0000
  2.9787	  4.7918	 -0.6111	 -0.1216	  1.3275	  0.0000
  3.2480	  4.7918	 -0.5434	 -0.1171	  1.2391	  0.0000
  3.5174	  4.7918	 -0.6040	 -0.0965	  1.2646	  0.0000
  3.7868	  4.7918	 -0.6493	 -0.1773	  1.2527	  0.0000
  4.0562	  4.7918	 -0.8691	 -0.2224	  1.0767	  0.0000
  4.3255	  4.7918	 -0.5414	  0.1166	  1.1720	  0.0000
  4.5949	  4.7918	 -0.4892	  0.0172	  1.0781	  0.0000
  4.8643	  4.7918	 -0.8257	  0.0418	  1.1676	  0.0000
  5.1337	  4.7918	 -0.5665	  0.0586	  0.0000	  1.0000
  5.4030	  4.7918	 -0.7494	  0.0157	  1.3317	  0.0000
  5.6724	  4.7918	 -0.7587	  0.1225	  1.0869	  0.0000
  5.9418	  4.7918	 -0.6991	  0.4390	  1.0588	  0.0000
  6.2111	  4.7918	 -0.6634	  0.2886	  1.0624	  0.0000
  6.4805	  4.7918	 -0.7745	 -0.2429	  1.1039	  0.0000
  6.7499	  4.7918	 -0.6696	 -0.1969	  1.1288	  0.0000
  7.0193	  4.7918	 -0.7681	  0.0043	  1.0266	  1.0000
  7.2886	  4.7918	 -0.5883	 -0.2892	  1.2132	  0.0000
  7.5580	  4.7918	 -0.7700	  0.1625	  1.0957	  0.0000
  7.8274	  4.7918	 -0.6511	  0.1274	  1.1431	  0.0000
  8.0968	  4.7918	 -0.9377	  0.0712	  1.0415	  1.0000
  8.3661	  4.7918	 -0.9778	 -0.0041	  1.0580	  0.0000
  8.6355	  4.7918	 -1.0144	  0.0872	  1.0079	  1.0000
  8.9049	  4.7918	 -1.0332	  0.0837	  1.0193	  1.0000
  9.1743	  4.7918	 -0.8663	  0.2600	  1.0734	  0.0000
  9.4436	  4.7918	 -0.9497	  0.0279	  1.3178	  0.0000
  9.7130	  4.7918	 -1.0351	 -0.0276	  1.0906	  0.0000
  9.9824	  4.7918	 -1.0063	  0.0331	  1.0239	  1.0000
  0.2849	  5.0611	 -0.6238	 -0.0952	  1.3383	  0.0000
  0.5543	  5.0611	 -0.6111	 -0.0036	  1.6571	  0.0000
  0.8237	  5.0611	 -0.6266	  0.0749	  1.2514	  0.0000
  1.0930	  5.0611	 -0.6300	  0.0142	  1.4864	  0.0000
  1.3624	  5.0611	 -0.5164	 -0.0038	  0.0000	  1.0000
  1.6318	  5.0611	 -0.5639	 -0.1730	  1.2570	  0.0000
  1.9012	  5.0611	 -0.5593	  0.0017	  1.2496	  0.0000
  2.1705	  5.0611	 -0.6143	  0.1582	  1.7046	  0.0000
  2.4399	  5.0611	 -0.6988	  0.1761	  1.1329	  0.0000
  2.7093	  5.0611	 -0.7413	  0.1154	  1.4523	  0.0000
  2.9787	  5.0611	 -0.6548	  0.0425	  1.2700	  0.0000
  3.2480	  5.0611	 -0.5330	 -0.1583	  1.1882	  0.0000
  3.5174	  5.0611	 -0.6301	 -0.2590	  1.2136	  0.0000
  3.7868	  5.0611	 -0.5720	 -0.3129	  1.5031	  0.0000
  4.0562	  5.0611	 -0.5169	 -0.0135	  1.0223	  1.0000
  4.3255	  5.0611	 -0.4807	  0.1529	  1.3687	  0.0000
  4.5949	  5.0611	 -0.4301	  0.0428	  1.2956	  0.0000
  4.8643	  5.0611	 -0.4640	 -0.0102	  1.2999	  0.0000
  5.1337	  5.0611	 -0.5742	  0.0124	  1.1546	  0.0000
  5.4030	  5.0611	 -0.6274	 -0.0121	  1.3675	  0.0000
  5.6724	  5.0611	 -0.6033	  0.0266	  1.2132	  0.0000
  5.9418	  5.0611	 -0.7742	  0.3331	  1.2675	  0.0000
  6.2111	  5.0611	 -0.7304	  0.0197	  1.0088	  1.0000
  6.4805	  5.0611	 -0.8741	 -0.1669	  1.0891	  0.0000
  6.7499	  5.0611	 -0.7820	  0.0016	  1.0409	  1.0000
  7.0193	  5.0611	 -0.8527	  0.0442	  1.1480	  0.0000
  7.2886	  5.0611	 -0.8695	  0.0211	  1.0246	  1.0000
  7.5580	  5.0611	 -0.9033	  0.0344	  1.0180	  1.0000
  7.8274	  5.0611	 -0.9288	  0.0497	  1.0132	  1.0000
  8.0968	  5.0611	 -1.3141	  0.0199	  1.0729	  0.0000
  8.3661	  5.0611	 -0.9611	  0.0156	  1.1088	  0.0000
  8.6355	  5.0611	 -0.9237	 -0.1447	  1.1265	  0.0000
  8.9049	  5.0611	 -0.9622	  0.0284	  1.0638	  0.0000
  9.1743	  5.0611	 -0.7958	 -0.1469	  1.0827	  0.0000
  9.4436	  5.0611	 -1.0312	  0.0025	  0.0000	  1.0000
  9.7130	  5.0611	 -1.0369	  0.0056	  1.0310	  1.0000
  9.9824	  5.0611	 -1.0308	 -0.0041	  1.0329	  1.0000
  0.2849	  5.3305	 -0.5085	 -0.1293	  1.4688	  0.0000
  0.5543	  5.3305	 -0.4851	 -0.0123	  1.4859	  0.0000
  0.8237	  5.3305	 -0.4667	  0.0448	  1.5206	  0.0000
  1.0930	  5.3305	 -0.5444	  0.0638	  1.3445	  0.0000
  1.3624	  5.3305	 -0.5680	 -0.1366	  1.2966	  0.0000
  1.6318	  5.3305	 -0.5490	 -0.1296	  1.3833	  0.0000
  1.9012	  5.3305	 -0.6191	 -0.0359	  1.3969	  0.0000
  2.1705	  5.3305	 -0.6086	  0.1625	  1.5766	  0.0000
  2.4399	  5.3305	 -0.6090	  0.1355	  1.3042	  0.0000
  2.7093	  5.3305	 -0.5994	  0.1299	  1.4301	  0.0000
  2.9787	  5.3305	 -0.6986	  0.1210	  1.1732	  0.0000
  3.2480	  5.3305	 -0.7407	 -0.0048	  1.3020	  0.0000
  3.5174	  5.3305	 -0.7333	 -0.1190	  1.2174	  0.0000
  3.7868	  5.3305	 -0.4778	 -0.2616	  1.2958	  0.0000
  4.0562	  5.3305	 -0.4064	 -0.1044	  1.1386	  0.0000
  4.3255	  5.3305	 -0.4092	  0.2529	  1.2826	  0.0000
  4.5949	  5.3305	 -0.3542	  0.0293	  1.2745	  0.0000
  4.8643	  5.3305	 -0.4597	 -0.0018	  1.2508	  0.0000
  5.1337	  5.3305	 -0.4889	 -0.1117	  1.3638	  0.0000
  5.4030	  5.3305	 -0.5173	 -0.0155	  1.4277	  0.0000
  5.6724	  5.3305	 -0.5368	  0.0381	  1.1509	  0.0000
  5.9418	  5.3305	 -0.8699	  0.3053	  1.2443	  0.0000
  6.2111	  5.3305	 -0.9528	  0.3077	  1.1909	  0.0000
  6.4805	  5.3305	 -1.0932	 -0.2471	  1.2477	  0.0000
  6.7499	  5.3305	 -1.0904	 -0.1219	  1.2958	  0.0000
  7.0193	  5.3305	 -1.0745	 -0.1304	  1.2843	  0.0000
  7.2886	  5.3305	 -0.8436	  0.0314	  1.0290	  1.0000
  7.5580	  5.3305	 -0.9206	  0.0006	  1.2846	  0.0000
  7.8274	  5.3305	 -0.8892	  0.0672	  1.0371	  1.0000
  8.0968	  5.3305	 -1.3591	  0.0189	  1.1107	  0.0000
  8.3661	  5.3305	 -0.9543	  0.0806	  1.0086	  1.0000
  8.6355	  5.3305	 -0.9879	  0.0649	  1.0339	  1.0000
  8.9049	  5.3305	 -1.0305	  0.0533	  1.0088	  1.0000
  9.1743	  5.3305	 -1.4378	 -0.1428	  1.0880	  0.0000
  9.4436	  5.3305	 -1.0107	 -0.0161	  1.0293	  1.0000
  9.7130	  5.3305	 -1.0211	 -0.0183	  1.0496	  1.0000
  9.9824	  5.3305	 -1.0157	 -0.0338	  1.0002	  1.0000
  0.2849	  5.5999	 -0.4633	 -0.0621	  1.2043	  0.0000
  0.5543	  5.5999	 -0.3871	 -0.0196	  1.2374	  0.0000
  0.8237	  5.5999	 -0.5484	 -0.0218	  0.0000	  1.0000
  1.0930	  5.5999	 -0.4883	  0.0112	  1.5293	  0.0000
  1.3624	  5.5999	 -0.5646	 -0.0864	  1.2073	  0.0000
  1.6318	  5.5999	 -0.5354	  0.0111	  0.0000	  1.0000
  1.9012	  5.5999	 -0.4188	  0.0220	  1.2092	  0.0000
  2.1705	  5.5999	 -0.4662	  0.1617	  1.4259	  0.0000
  2.4399	  5.5999	 -0.4467	  0.1655	  1.4851	  0.0000
  2.7093	  5.5999	 -0.4443	  0.1655	  1.3923	  0.0000
  2.9787	  5.5999	 -0.4975	  0.0093	  0.0000	  1.0000
  3.2480	  5.5999	 -0.5062	  0.0065	  1.1434	  0.0000
  3.5174	  5.5999	 -0.6716	 -0.0973	  1.1097	  0.0000
  3.7868	  5.5999	 -0.3485	  0.1361	  1.1243	  0.0000
  4.0562	  5.5999	 -0.3188	  0.1597	  1.3344	  0.0000
  4.3255	  5.5999	 -0.3329	  0.1857	  1.4352	  0.0000
  4.5949	  5.5999	 -0.3349	  0.1321	  1.3904	  0.0000
  4.8643	  5.5999	 -0.4253	 -0.0390	  1.1411	  0.0000
  5.1337	  5.5999	 -0.4616	 -0.1652	  1.3018	  0.0000
  5.4030	  5.5999	 -0.4889	 -0.0158	  1.1047	  0.0000
  5.6724	  5.5999	 -0.3898	  0.0178	  1.2044	  0.0000
  5.9418	  5.5999	 -0.7069	  0.0224	  1.0898	  0.0000
  6.2111	  5.5999	 -1.0667	  0.0080	  1.1738	  0.0000
  6.4805	  5.5999	 -1.1264	 -0.1141	  1.2068	  0.0000
  6.7499	  5.5999	 -1.0618	 -0.0847	  1.1052	  0.0000
  7.0193	  5.5999	 -0.9389	 -0.0187	  1.2096	  0.0000
  7.2886	  5.5999	 -0.7667	 -0.0095	  0.0000	  1.0000
  7.5580	  5.5999	 -0.9949	  0.0220	  1.0703	  0.0000
  7.8274	  5.5999	 -1.2374	 -0.0280	  1.0863	  0.0000
  8.0968	  5.5999	 -1.2586	 -0.0979	  1.1471	  0.0000
  8.3661	  5.5999	 -1.2395	  0.0998	  1.1419	  0.0000
  8.6355	  5.5999	 -1.2897	  0.0120	  1.2881	  0.0000
  8.9049	  5.5999	 -1.3852	 -0.1504	  1.0822	  0.0000
  9.1743	  5.5999	 -1.4240	 -0.1532	  1.2182	  0.0000
  9.4436	  5.5999	 -1.3845	 -0.1079	  1.0906	  0.0000
  9.7130	  5.5999	 -1.2190	  0.1280	  1.1238	  0.0000
  9.9824	  5.5999	 -1.2282	 -0.1599	  1.0568	  0.0000
  0.2849	  5.8692	 -0.4805	  0.0216	  1.5366	  0.0000
  0.5543	  5.8692	 -0.5469	 -0.0239	  0.0000	  1.0000
  0.8237	  5.8692	 -0.4922	 -0.0393	  1.4651	  0.0000
  1.0930	  5.8692	 -0.6072	  0.0164	  1.5845	  0.0000
  1.3624	  5.8692	 -0.5162	 -0.0133	  1.3932	  0.0000
  1.6318	  5.8692	 -0.3528	  0.0249	  1.4168	  0.0000
  1.9012	  5.8692	 -0.3882	  0.1191	  1.2295	  0.0000
  2.1705	  5.8692	 -0.5790	  0.0407	  1.3399	  0.0000
  2.4399	  5.8692	 -0.4423	  0.1151	  1.3143	  0.0000
  2.7093	  5.8692	 -0.3099	  0.0400	  1.4199	  0.0000
  2.9787	  5.8692	 -0.3281	 -0.0211	  1.3485	  0.0000
  3.2480	  5.8692	 -0.3153	 -0.0648	  1.3000	  0.0000
  3.5174	  5.8692	 -0.3214	 -0.0006	  1.4902	  0.0000
  3.7868	  5.8692	 -0.3312	  0.1624	  1.4521	  0.0000
  4.0562	  5.8692	 -0.3095	  0.2176	  1.3040	  0.0000
  4.3255	  5.8692	 -0.4494	  0.0409	  1.1997	  0.0000
  4.5949	  5.8692	 -0.4481	  0.1049	  1.2902	  0.0000
  4.8643	  5.8692	 -0.4364	  0.0110	  1.3385	  0.0000
  5.1337	  5.8692	 -0.3218	 -0.0073	  1.3790	  0.0000
  5.4030	  5.8692	 -0.4276	  0.0099	  0.0000	  1.0000
  5.6724	  5.8692	 -0.3062	 -0.0680	  1.0725	  0.0000
  5.9418	  5.8692	 -0.3550	 -0.1904	  1.0912	  0.0000
  6.2111	  5.8692	 -0.6418	 -0.1457	  1.1439	  0.0000
  6.4805	  5.8692	 -0.6146	 -0.1797	  1.1063	  0.0000
  6.7499	  5.8692	 -0.9817	 -0.2168	  1.0616	  0.0000
  7.0193	  5.8692	 -0.9128	 -0.0968	  1.1434	  0.0000
  7.2886	  5.8692	 -0.9366	  0.1407	  1.0681	  0.0000
  7.5580	  5.8692	 -0.6902	  0.0244	  1.0476	  1.0000
  7.8274	  5.8692	 -0.6978	  0.0348	  1.0381	  1.0000
  8.0968	  5.8692	 -0.7205	  0.0354	  1.0055	  1.0000
  8.3661	  5.8692	 -0.7763	 -0.0131	  1.0668	  0.0000
  8.6355	  5.8692	 -0.7757	  0.0007	  0.0000	  1.0000
  8.9049	  5.8692	 -1.0694	 -0.0103	  1.0857	  0.0000
  9.1743	  5.8692	 -0.8163	 -0.0405	  1.0022	  1.0000
  9.4436	  5.8692	 -0.8318	 -0.0508	  1.0066	  1.0000
  9.7130	  5.8692	 -1.5716	 -0.2791	  1.0577	  0.0000
  9.9824	  5.8692	 -0.8466	 -0.0577	  0.0000	  1.0000
  0.2849	  6.1386	 -0.5734	 -0.0149	  1.6174	  0.0000
  0.5543	  6.1386	 -0.6140	 -0.0214	  1.7100	  0.0000
  0.8237	  6.1386	 -0.6021	 -0.0117	  1.6124	  0.0000
  1.0930	  6.1386	 -0.5842	  0.0257	  1.3397	  0.0000
  1.3624	  6.1386	 -0.4906	  0.0234	  1.6310	  0.0000
  1.6318	  6.1386	 -0.4935	  0.0249	  1.3763	  0.0000
  1.9012	  6.1386	 -0.5868	 -0.0295	  1.4381	  0.0000
  2.1705	  6.1386	 -0.5392	 -0.0513	  1.4131	  0.0000
  2.4399	  6.1386	 -0.4793	 -0.0767	  1.2970	  0.0000
  2.7093	  6.1386	 -0.3101	 -0.0091	  1.4440	  0.0000
  2.9787	  6.1386	 -0.3227	  0.0130	  1.4222	  0.0000
  3.2480	  6.1386	 -0.3003	 -0.0049	  1.6701	  0.0000
  3.5174	  6.1386	 -0.2918	  0.0481	  1.2725	  0.0000
  3.7868	  6.1386	 -0.3249	  0.1146	  1.2882	  0.0000
  4.0562	  6.1386	 -0.4060	  0.0375	  1.2485	  0.0000
  4.3255	  6.1386	 -0.4090	 -0.0081	  1.2940	  0.0000
  4.5949	  6.1386	 -0.3611	  0.1343	  1.1710	  0.0000
  4.8643	  6.1386	 -0.2884	  0.2037	  1.2820	  0.0000
  5.1337	  6.1386	 -0.2794	  0.2487	  1.1577	  0.0000
  5.4030	  6.1386	 -0.3648	  0.0054	  1.0471	  1.0000
  5.6724	  6.1386	 -0.3349	 -0.2120	  1.1186	  0.0000
  5.9418	  6.1386	 -0.3293	 -0.2928	  1.5002	  0.0000
  6.2111	  6.1386	 -0.3521	 -0.2842	  1.1004	  0.0000
  6.4805	  6.1386	 -0.5209	 -0.0518	  1.0159	  1.0000
  6.7499	  6.1386	 -0.5440	 -0.0324	  1.0142	  1.0000
  7.0193	  6.1386	 -0.7595	 -0.0294	  1.1482	  0.0000
  7.2886	  6.1386	 -0.4785	  0.2447	  1.0767	  0.0000
  7.5580	  6.1386	 -0.4231	  0.2991	  1.2236	  0.0000
  7.8274	  6.1386	 -0.3702	  0.1649	  1.1079	  0.0000
  8.0968	  6.1386	 -0.5900	  0.0393	  1.0090	  1.0000
  8.3661	  6.1386	 -0.6192	 -0.0584	  1.1642	  0.0000
  8.6355	  6.1386	 -0.5885	 -0.0789	  1.1226	  0.0000
  8.9049	  6.1386	 -0.6738	 -0.0102	  1.0206	  1.0000
  9.1743	  6.1386	 -0.8663	 -0.0603	  1.0694	  0.0000
  9.4436	  6.1386	 -0.8460	  0.0048	  1.0883	  0.0000
  9.7130	  6.1386	 -0.7164	 -0.0528	  0.0000	  1.0000
  9.9824	  6.1386	 -0.7154	 -0.0565	  1.0061	  1.0000
  0.2849	  6.4080	 -0.6216	 -0.0391	  1.5418	  0.0000
  0.5543	  6.4080	 -0.6039	 -0.0294	  1.6366	  0.0000
  0.8237	  6.4080	 -0.6066	 -0.0189	  1.6728	  0.0000
  1.0930	  6.4080	 -0.5593	  0.0078	  1.4857	  0.0000
  1.3624	  6.4080	 -0.5003	 -0.0069	  1.5259	  0.0000
  1.6318	  6.4080	 -0.4778	 -0.0525	  1.4638	  0.0000
  1.9012	  6.4080	 -0.4591	 -0.1097	  1.5007	  0.0000
  2.1705	  6.4080	 -0.4904	 -0.1403	  1.5186	  0.0000
  2.4399	  6.4080	 -0.4606	 -0.1262	  1.4917	  0.0000
  2.7093	  6.4080	 -0.4474	 -0.0245	  1.4697	  0.0000
  2.9787	  6.4080	 -0.3858	 -0.0577	  1.2174	  0.0000
  3.2480	  6.4080	 -0.3336	  0.0146	  1.3814	  0.0000
  3.5174	  6.4080	 -0.3292	  0.0298	  1.4577	  0.0000
  3.7868	  6.4080	 -0.3293	  0.0085	  1.5016	  0.0000
  4.0562	  6.4080	 -0.3149	  0.0066	  1.5653	  0.0000
  4.3255	  6.4080	 -0.3021	 -0.0146	  1.3676	  0.0000
  4.5949	  6.4080	 -0.1959	  0.0458	  1.3350	  0.0000
  4.8643	  6.4080	 -0.1278	  0.1899	  1.2477	  0.0000
  5.1337	  6.4080	 -0.1540	  0.1805	  1.2611	  0.0000
  5.4030	  6.4080	 -0.3421	  0.0003	  1.2531	  0.0000
  5.6724	  6.4080	 -0.4485	 -0.1259	  1.2695	  0.0000
  5.9418	  6.4080	 -0.3354	 -0.1722	  1.3052	  0.0000
  6.2111	  6.4080	 -0.3068	 -0.2768	  1.3421	  0.0000
  6.4805	  6.4080	 -0.4046	 -0.0573	  0.0000	  1.0000
  6.7499	  6.4080	 -0.2476	 -0.1655	  1.1638	  0.0000
  7.0193	  6.4080	 -0.1816	 -0.0143	  1.3242	  0.0000
  7.2886	  6.4080	 -0.4322	  0.0111	  0.0000	  1.0000
  7.5580	  6.4080	 -0.1950	  0.1776	  1.3406	  0.0000
  7.8274	  6.4080	 -0.2650	  0.1529	  1.5189	  0.0000
  8.0968	  6.4080	 -0.2957	  0.1311	  1.0893	  0.0000
  8.3661	  6.4080	 -0.2969	 -0.0180	  1.1088	  0.0000
  8.6355	  6.4080	 -0.4139	 -0.1739	  1.1942	  0.0000
  8.9049	  6.4080	 -0.5514	 -0.1474	  1.1655	  0.0000
  9.1743	  6.4080	 -0.3552	  0.1485	  1.1811	  0.0000
  9.4436	  6.4080	 -0.3267	  0.0043	  1.2189	  0.0000
  9.7130	  6.4080	 -0.3667	 -0.0121	  1.1405	  0.0000
  9.9824	  6.4080	 -0.4799	 -0.2344	  1.0724	  0.0000
  0.2849	  6.6774	 -0.5171	  0.0030	  1.2229	  0.0000
  0.5543	  6.6774	 -0.5186	 -0.0517	  1.5711	  0.0000
  0.8237	  6.6774	 -0.5957	 -0.1256	  1.4018	  0.0000
  1.0930	  6.6774	 -0.5524	 -0.1318	  1.4506	  0.0000
  1.3624	  6.6774	 -0.5236	 -0.0406	  1.2843	  0.0000
  1.6318	  6.6774	 -0.4814	 -0.0074	  1.6070	  0.0000
  1.9012	  6.6774	 -0.4629	 -0.0311	  1.4514	  0.0000
  2.1705	  6.6774	 -0.4555	 -0.0251	  1.4502	  0.0000
  2.4399	  6.6774	 -0.4084	 -0.0275	  1.4447	  0.0000
  2.7093	  6.6774	 -0.3274	  0.0200	  1.5438	  0.0000
  2.9787	  6.6774	 -0.3217	 -0.0478	  1.4630	  0.0000
  3.2480	  6.6774	 -0.3538	 -0.0461	  1.3822	  0.0000
  3.5174	  6.6774	 -0.3202	  0.0052	  1.5287	  0.0000
  3.7868	  6.6774	 -0.3090	  0.0429	  1.4567	  0.0000
  4.0562	  6.6774	 -0.2961	  0.0355	  1.4063	  0.0000
  4.3255	  6.6774	 -0.2415	  0.0872	  1.1909	  0.0000
  4.5949	  6.6774	 -0.1834	  0.0949	  1.4080	  0.0000
  4.8643	  6.6774	 -0.1451	  0.0812	  1.2489	  0.0000
  5.1337	  6.6774	 -0.1493	  0.1237	  1.5363	  0.0000
  5.4030	  6.6774	 -0.1601	  0.0593	  1.2063	  0.0000
  5.6724	  6.6774	 -0.2235	  0.0081	  1.1947	  0.0000
  5.9418	  6.6774	 -0.3297	 -0.0249	  1.2123	  0.0000
  6.2111	  6.6774	 -0.3433	 -0.1404	  1.1390	  0.0000
  6.4805	  6.6774	 -0.2701	 -0.1490	  1.1811	  0.0000
  6.7499	  6.6774	 -0.1861	 -0.1736	  1.3550	  0.0000
  7.0193	  6.6774	 -0.1433	 -0.0077	  1.2521	  0.0000
  7.2886	  6.6774	 -0.1458	  0.1383	  1.5408	  0.0000
  7.5580	  6.6774	 -0.1551	  0.1266	  1.5059	  0.0000
  7.8274	  6.6774	 -0.1470	  0.1489	  1.3761	  0.0000
  8.0968	  6.6774	 -0.1674	  0.0967	  1.4854	  0.0000
  8.3661	  6.6774	 -0.1589	  0.0182	  1.3373	  0.0000
  8.6355	  6.6774	 -0.2917	  0.0171	  1.0424	  1.0000
  8.9049	  6.6774	 -0.3239	 -0.0040	  1.0245	  1.0000
  9.1743	  6.6774	 -0.1574	  0.1082	  1.3889	  0.0000
  9.4436	  6.6774	 -0.1345	  0.0627	  1.2002	  0.0000
  9.7130	  6.6774	 -0.2731	  0.0437	  1.2749	  0.0000
  9.9824	  6.6774	 -0.5764	 -0.3962	  1.1488	  0.0000
  0.2849	  6.9467	 -0.3458	 -0.0256	  1.7249	  0.0000
  0.5543	  6.9467	 -0.4206	 -0.0121	  1.6691	  0.0000
  0.8237	  6.9467	 -0.4539	 -0.1035	  1.3626	  0.0000
  1.0930	  6.9467	 -0.4304	 -0.1241	  1.2696	  0.0000
  1.3624	  6.9467	 -0.3915	 -0.0071	  1.2668	  0.0000
  1.6318	  6.9467	 -0.4167	  0.0169	  1.3136	  0.0000
  1.9012	  6.9467	 -0.4312	  0.0689	  1.4380	  0.0000
  2.1705	  6.9467	 -0.3183	  0.0662	  1.4067	  0.0000
  2.4399	  6.9467	 -0.3218	  0.1080	  1.4548	  0.0000
  2.7093	  6.9467	 -0.3064	  0.0363	  1.6366	  0.0000
  2.9787	  6.9467	 -0.3499	 -0.0294	  1.4136	  0.0000
  3.2480	  6.9467	 -0.3706	 -0.0677	  1.4671	  0.0000
  3.5174	  6.9467	 -0.3407	 -0.0058	  1.6661	  0.0000
  3.7868	  6.9467	 -0.3151	  0.0247	  1.6129	  0.0000
  4.0562	  6.9467	 -0.2907	  0.0501	  1.4836	  0.0000
  4.3255	  6.9467	 -0.2260	  0.0615	  1.2767	  0.0000
  4.5949	  6.9467	 -0.2446	  0.0299	  1.3273	  0.0000
  4.8643	  6.9467	 -0.2566	 -0.0096	  1.2467	  0.0000
  5.1337	  6.9467	 -0.1882	 -0.0089	  1.5230	  0.0000
  5.4030	  6.9467	 -0.1501	  0.0253	  1.3718	  0.0000
  5.6724	  6.9467	 -0.1008	  0.0873	  1.1774	  0.0000
  5.9418	  6.9467	 -0.1066	  0.0227	  1.2517	  0.0000
  6.2111	  6.9467	 -0.0872	  0.0469	  1.1047	  0.0000
  6.4805	  6.9467	 -0.1731	 -0.0264	  1.2531	  0.0000
  6.7499	  6.9467	 -0.1601	 -0.1131	  1.3061	  0.0000
  7.0193	  6.9467	 -0.1555	 -0.0133	  1.5039	  0.0000
  7.2886	  6.9467	 -0.1570	  0.0361	  1.5609	  0.0000
  7.5580	  6.9467	 -0.1234	  0.0437	  1.2674	  0.0000
  7.8274	  6.9467	 -0.0773	  0.0936	  1.2559	  0.0000
  8.0968	  6.9467	 -0.0382	  0.0515	  1.3172	  0.0000
  8.3661	  6.9467	 -0.0754	  0.0288	  1.3949	  0.0000
  8.6355	  6.9467	 -0.0494	 -0.0246	  1.3721	  0.0000
  8.9049	  6.9467	 -0.0263	 -0.0139	  1.4020	  0.0000
  9.1743	  6.9467	 -0.0355	  0.0173	  1.2625	  0.0000
  9.4436	  6.9467	 -0.0398	  0.0055	  1.5808	  0.0000
  9.7130	  6.9467	 -0.1277	 -0.0118	  1.5712	  0.0000
  9.9824	  6.9467	 -0.1431	 -0.1149	  1.2118	  0.0000
  0.2849	  7.2161	 -0.3009	 -0.0099	  1.7195	  0.0000
  0.5543	  7.2161	 -0.2945	 -0.0121	  1.3217	  0.0000
  0.8237	  7.2161	 -0.1675	  0.1196	  1.3329	  0.0000
  1.0930	  7.2161	 -0.1318	  0.0625	  1.3879	  0.0000
  1.3624	  7.2161	 -0.1411	  0.0331	  1.3859	  0.0000
  1.6318	  7.2161	 -0.1493	 -0.0008	  1.3704	  0.0000
  1.9012	  7.2161	 -0.1328	  0.1195	  1.3603	  0.0000
  2.1705	  7.2161	 -0.1558	  0.1010	  1.4966	  0.0000
  2.4399	  7.2161	 -0.1865	  0.1014	  1.5407	  0.0000
  2.7093	  7.2161	 -0.2944	  0.0056	  1.5384	  0.0000
  2.9787	  7.2161	 -0.3397	 -0.0742	  1.4904	  0.0000
  3.2480	  7.2161	 -0.3455	 -0.1080	  1.3973	  0.0000
  3.5174	  7.2161	 -0.3308	 -0.0312	  1.3760	  0.0000
  3.7868	  7.2161	 -0.2804	  0.0262	  1.3487	  0.0000
  4.0562	  7.2161	 -0.1890	  0.0817	  1.5064	  0.0000
  4.3255	  7.2161	 -0.2158	  0.0485	  1.3916	  0.0000
  4.5949	  7.2161	 -0.2576	 -0.0193	  1.4416	  0.0000
  4.8643	  7.2161	 -0.2677	 -0.0339	  1.4014	  0.0000
  5.1337	  7.2161	 -0.2423	 -0.0555	  1.2427	  0.0000
  5.4030	  7.2161	 -0.1811	 -0.0314	  1.3456	  0.0000
  5.6724	  7.2161	 -0.1428	 -0.0015	  1.5007	  0.0000
  5.9418	  7.2161	 -0.0592	  0.0402	  1.3240	  0.0000
  6.2111	  7.2161	 -0.0542	  0.0041	  1.2890	  0.0000
  6.4805	  7.2161	 -0.0875	 -0.0453	  1.2054	  0.0000
  6.7499	  7.2161	 -0.1598	 -0.1174	  1.3183	  0.0000
  7.0193	  7.2161	 -0.1764	 -0.0179	  1.3754	  0.0000
  7.2886	  7.2161	 -0.1193	  0.0560	  1.2679	  0.0000
  7.5580	  7.2161	 -0.0215	  0.0448	  1.3654	  0.0000
  7.8274	  7.2161	 -0.0093	  0.0653	  1.3810	  0.0000
  8.0968	  7.2161	 -0.0203	  0.0461	  1.5439	  0.0000
  8.3661	  7.2161	 -0.0067	  0.0255	  1.5690	  0.0000
  8.6355	  7.2161	 -0.0161	  0.0072	  1.6880	  0.0000
  8.9049	  7.2161	 -0.0092	  0.0043	  1.9326	  0.0000
  9.1743	  7.2161	 -0.0111	  0.0075	  1.7118	  0.0000
  9.4436	  7.2161	 -0.0302	 -0.0110	  1.5406	  0.0000
  9.7130	  7.2161	 -0.0999	 -0.0088	  1.5721	  0.0000
  9.9824	  7.2161	 -0.1181	 -0.0179	  0.0000	  1.0000
  0.2849	  7.4855	 -0.1852	  0.0071	  1.6280	  0.0000
  0.5543	  7.4855	 -0.1577	  0.0691	  1.5727	  0.0000
  0.8237	  7.4855	 -0.1489	  0.1393	  1.7705	  0.0000
  1.0930	  7.4855	 -0.1223	  0.1398	  1.6465	  0.0000
  1.3624	  7.4855	 -0.0440	  0.0566	  1.3401	  0.0000
  1.6318	  7.4855	 -0.0419	  0.0464	  1.5241	  0.0000
  1.9012	  7.4855	 -0.0627	  0.0843	  1.3428	  0.0000
  2.1705	  7.4855	 -0.1184	  0.1153	  1.6062	  0.0000
  2.4399	  7.4855	 -0.1688	  0.0245	  0.0000	  1.0000
  2.7093	  7.4855	 -0.2040	 -0.0294	  1.4040	  0.0000
  2.9787	  7.4855	 -0.2417	 -0.0378	  1.4282	  0.0000
  3.2480	  7.4855	 -0.1950	 -0.0165	  1.4650	  0.0000
  3.5174	  7.4855	 -0.1046	  0.0282	  1.3195	  0.0000
  3.7868	  7.4855	 -0.0511	  0.1037	  1.3249	  0.0000
  4.0562	  7.4855	 -0.1272	  0.0924	  1.2989	  0.0000
  4.3255	  7.4855	 -0.1507	  0.0124	  1.4604	  0.0000
  4.5949	  7.4855	 -0.2088	 -0.0357	  1.3135	  0.0000
  4.8643	  7.4855	 -0.2453	 -0.0208	  1.2147	  0.0000
  5.1337	  7.4855	 -0.1780	 -0.0389	  1.3661	  0.0000
  5.4030	  7.4855	 -0.1677	 -0.0738	  1.3606	  0.0000
  5.6724	  7.4855	 -0.1527	 -0.0570	  1.2545	  0.0000
  5.9418	  7.4855	 -0.0207	 -0.0267	  1.4288	  0.0000
  6.2111	  7.4855	 -0.0042	 -0.0267	  1.5930	  0.0000
  6.4805	  7.4855	 -0.0017	 -0.0418	  1.4206	  0.0000
  6.7499	  7.4855	  0.0110	 -0.0660	  1.1630	  0.0000
  7.0193	  7.4855	  0.0216	  0.1221	  1.1883	  0.0000
  7.2886	  7.4855	 -0.0124	  0.0996	  1.3224	  0.0000
  7.5580	  7.4855	  0.0097	  0.0399	  1.5641	  0.0000
  7.8274	  7.4855	 -0.0045	  0.0300	  1.5382	  0.0000
  8.0968	  7.4855	 -0.0020	  0.0264	  1.4770	  0.0000
  8.3661	  7.4855	 -0.0007	  0.0284	  1.5868	  0.0000
  8.6355	  7.4855	 -0.0070	  0.0050	  1.8436	  0.0000
  8.9049	  7.4855	  0.0065	  0.0089	  1.7101	  0.0000
  9.1743	  7.4855	 -0.0020	 -0.0103	  2.0692	  0.0000
  9.4436	  7.4855	 -0.0103	 -0.0090	  1.8484	  0.0000
  9.7130	  7.4855	 -0.0134	 -0.0159	  1.7313	  0.0000
  9.9824	  7.4855	 -0.0445	 -0.0198	  1.7914	  0.0000
  0.2849	  7.7549	 -0.1320	  0.0063	  1.5469	  0.0000
  0.5543	  7.7549	 -0.1343	  0.0505	  1.6021	  0.0000
  0.8237	  7.7549	 -0.1294	  0.1398	  1.6398	  0.0000
  1.0930	  7.7549	 -0.1098	  0.1261	  1.6445	  0.0000
  1.3624	  7.7549	 -0.0902	  0.1160	  1.3539	  0.0000
  1.6318	  7.7549	 -0.0368	  0.0742	  1.6265	  0.0000
  1.9012	  7.7549	  0.0022	  0.0635	  1.4858	  0.0000
  2.1705	  7.7549	 -0.0004	  0.0771	  1.4745	  0.0000
  2.4399	  7.7549	 -0.0461	  0.0486	  1.4162	  0.0000
  2.7093	  7.7549	 -0.0861	 -0.0037	  1.4458	  0.0000
  2.9787	  7.7549	 -0.0821	  0.0070	  1.4176	  0.0000
  3.2480	  7.7549	 -0.0456	  0.0032	  1.5937	  0.0000
  3.5174	  7.7549	  0.0014	  0.0372	  1.6004	  0.0000
  3.7868	  7.7549	  0.0106	  0.0528	  1.5480	  0.0000
  4.0562	  7.7549	 -0.0196	  0.0348	  1.4572	  0.0000
  4.3255	  7.7549	 -0.0493	 -0.0052	  1.4602	  0.0000
  4.5949	  7.7549	 -0.1056	  0.0096	  0.0000	  1.0000
  4.8643	  7.7549	 -0.1164	  0.0010	  1.1772	  0.0000
  5.1337	  7.7549	 -0.1108	 -0.0091	  1.3039	  0.0000
  5.4030	  7.7549	 -0.1214	 -0.0676	  1.2598	  0.0000
  5.6724	  7.7549	 -0.1029	 -0.0123	  1.3258	  0.0000
  5.9418	  7.7549	 -0.0126	  0.0129	  1.4023	  0.0000
  6.2111	  7.7549	 -0.0012	 -0.0028	  1.4693	  0.0000
  6.4805	  7.7549	  0.0222	 -0.0024	  1.5002	  0.0000
  6.7499	  7.7549	  0.0205	  0.0012	  1.3771	  0.0000
  7.0193	  7.7549	 -0.0297	  0.0091	  0.0000	  1.0000
  7.2886	  7.7549	  0.0060	  0.0304	  1.5255	  0.0000
  7.5580	  7.7549	 -0.0040	  0.0252	  1.6088	  0.0000
  7.8274	  7.7549	  0.0043	  0.0348	  1.6218	  0.0000
  8.0968	  7.7549	 -0.0031	  0.0139	  1.5365	  0.0000
  8.3661	  7.7549	 -0.0179	  0.0179	  1.5771	  0.0000
  8.6355	  7.7549	 -0.0048	  0.0075	  1.7066	  0.0000
  8.9049	  7.7549	  0.0054	  0.0126	  1.9152	  0.0000
  9.1743	  7.7549	  0.0060	  0.0043	  2.0618	  0.0000
  9.4436	  7.7549	  0.0006	 -0.0050	  2.1642	  0.0000
  9.7130	  7.7549	  0.0075	 -0.0033	  1.9648	  0.0000
  9.9824	  7.7549	 -0.0104	 -0.0122	  1.9985	  0.0000
  0.2849	  8.0242	  0.0175	  0.0289	  1.6962	  0.0000
  0.5543	  8.0242	  0.0008	  0.0776	  1.4638	  0.0000
  0.8237	  8.0242	 -0.0393	  0.0815	  1.3316	  0.0000
  1.0930	  8.0242	 -0.0064	  0.0427	  1.5026	  0.0000
  1.3624	  8.0242	 -0.0513	  0.0604	  0.0000	  1.0000
  1.6318	  8.0242	 -0.0224	  0.0582	  1.4630	  0.0000
  1.9012	  8.0242	 -0.0319	  0.0916	  1.5756	  0.0000
  2.1705	  8.0242	  0.0031	  0.0540	  1.6004	  0.0000
  2.4399	  8.0242	 -0.0059	  0.0432	  1.5535	  0.0000
  2.7093	  8.0242	 -0.0001	  0.0139	  1.7533	  0.0000
  2.9787	  8.0242	  0.0148	  0.0213	  1.7271	  0.0000
  3.2480	  8.0242	  0.0189	  0.0365	  1.6992	  0.0000
  3.5174	  8.0242	  0.0141	  0.0473	  1.5112	  0.0000
  3.7868	  8.0242	  0.0054	  0.0299	  1.4295	  0.0000
  4.0562	  8.0242	 -0.0028	  0.0258	  1.6814	  0.0000
  4.3255	  8.0242	 -0.0209	 -0.0073	  1.4684	  0.0000
  4.5949	  8.0242	 -0.0137	 -0.0119	  1.5623	  0.0000
  4.8643	  8.0242	 -0.0244	  0.0039	  1.7244	  0.0000
  5.1337	  8.0242	 -0.0325	 -0.0010	  1.5107	  0.0000
  5.4030	  8.0242	 -0.0197	 -0.0246	  1.5169	  0.0000
  5.6724	  8.0242	  0.0042	 -0.0033	  1.6179	  0.0000
  5.9418	  8.0242	  0.0104	  0.0226	  1.6613	  0.0000
  6.2111	  8.0242	  0.0043	  0.0158	  1.6169	  0.0000
  6.4805	  8.0242	 -0.0203	  0.0029	  0.0000	  1.0000
  6.7499	  8.0242	  0.0056	  0.0042	  1.6625	  0.0000
  7.0193	  8.0242	  0.0021	  0.0032	  1.6064	  0.0000
  7.2886	  8.0242	  0.0054	  0.0074	  1.5501	  0.0000
  7.5580	  8.0242	 -0.0050	  0.0100	  1.5923	  0.0000
  7.8274	  8.0242	  0.0091	  0.0107	  1.5359	  0.0000
  8.0968	  8.0242	  0.0032	  0.0034	  1.8331	  0.0000
  8.3661	  8.0242	 -0.0169	  0.0069	  1.5950	  0.0000
  8.6355	  8.0242	  0.0054	 -0.0019	  1.6947	  0.0000
  8.9049	  8.0242	  0.0110	  0.0109	  1.6088	  0.0000
  9.1743	  8.0242	  0.0053	  0.0018	  1.7747	  0.0000
  9.4436	  8.0242	  0.0117	 -0.0050	  1.9189	  0.0000
  9.7130	  8.0242	  0.0094	 -0.0048	  1.8117	  0.0000
  9.9824	  8.0242	  0.0094	 -0.0138	  2.2826	  0.0000
  0.2849	  8.2936	  0.0276	  0.0563	  1.6730	  0.0000
  0.5543	  8.2936	 -0.0068	  0.0884	  1.3369	  0.0000
  0.8237	  8.2936	  0.0013	  0.0668	  1.5531	  0.0000
  1.0930	  8.2936	 -0.0145	  0.0297	  1.9273	  0.0000
  1.3624	  8.2936	 -0.0020	  0.0401	  1.7477	  0.0000
  1.6318	  8.2936	 -0.0031	  0.0308	  1.6255	  0.0000
  1.9012	  8.2936	 -0.0003	  0.0417	  1.6786	  0.0000
  2.1705	  8.2936	  0.0010	  0.0405	  1.6206	  0.0000
  2.4399	  8.2936	 -0.0011	  0.0533	  1.7475	  0.0000
  2.7093	  8.2936	  0.0065	  0.0289	  1.6301	  0.0000
  2.9787	  8.2936	  0.0007	  0.0237	  1.6637	  0.0000
  3.2480	  8.2936	  0.0054	  0.0282	  1.8573	  0.0000
  3.5174	  8.2936	  0.0075	  0.0368	  1.5201	  0.0000
  3.7868	  8.2936	  0.0055	  0.0445	  1.6408	  0.0000
  4.0562	  8.2936	  0.0059	  0.0358	  1.7292	  0.0000
  4.3255	  8.2936	 -0.0106	  0.0198	  1.6587	  0.0000
  4.5949	  8.2936	 -0.0219	  0.0071	  1.6053	  0.0000
  4.8643	  8.2936	 -0.0421	  0.0021	  0.0000	  1.0000
  5.1337	  8.2936	 -0.0227	 -0.0077	  1.5396	  0.0000
  5.4030	  8.2936	 -0.0047	 -0.0004	  1.6222	  0.0000
  5.6724	  8.2936	  0.0103	 -0.0023	  1.6680	  0.0000
  5.9418	  8.2936	  0.0031	  0.0072	  1.6803	  0.0000
  6.2111	  8.2936	 -0.0019	  0.0173	  1.5450	  0.0000
  6.4805	  8.2936	 -0.0016	  0.0091	  1.5238	  0.0000
  6.7499	  8.2936	 -0.0047	  0.0135	  1.6196	  0.0000
  7.0193	  8.2936	  0.0005	  0.0008	  1.7819	  0.0000
  7.2886	  8.2936	  0.0047	  0.0124	  1.5627	  0.0000
  7.5580	  8.2936	  0.0095	  0.0091	  1.7121	  0.0000
  7.8274	  8.2936	  0.0157	  0.0013	  1.5638	  0.0000
  8.0968	  8.2936	  0.0016	  0.0128	  1.9276	  0.0000
  8.3661	  8.2936	 -0.0038	  0.0053	  1.8214	  0.0000
  8.6355	  8.2936	 -0.0040	  0.0159	  1.7503	  0.0000
  8.9049	  8.2936	  0.0023	  0.0102	  1.7410	  0.0000
  9.1743	  8.2936	  0.0090	 -0.0050	  1.7088	  0.0000
  9.4436	  8.2936	  0.0202	  0.0108	  1.6995	  0.0000
  9.7130	  8.2936	  0.0029	  0.0013	  0.0000	  1.0000
  9.9824	  8.2936	  0.0055	 -0.0058	  1.8142	  0.0000
  0.2849	  8.5630	  0.0123	  0.0413	  1.6657	  0.0000
  0.5543	  8.5630	  0.0277	  0.0602	  1.5550	  0.0000
  0.8237	  8.5630	 -0.0182	  0.0449	  0.0000	  1.0000
  1.0930	  8.5630	 -0.0033	  0.0237	  1.5939	  0.0000
  1.3624	  8.5630	 -0.0124	  0.0179	  1.7688	  0.0000
  1.6318	  8.5630	  0.0025	  0.0411	  1.6602	  0.0000
  1.9012	  8.5630	  0.0004	  0.0375	  1.6249	  0.0000
  2.1705	  8.5630	  0.0092	  0.0320	  1.6919	  0.0000
  2.4399	  8.5630	  0.0135	  0.0529	  1.5707	  0.0000
  2.7093	  8.5630	 -0.0070	  0.0276	  1.5963	  0.0000
  2.9787	  8.5630	 -0.0059	  0.0325	  1.4895	  0.0000
  3.2480	  8.5630	  0.0055	  0.0234	  1.8351	  0.0000
  3.5174	  8.5630	 -0.0102	  0.0259	  1.5850	  0.0000
  3.7868	  8.5630	 -0.0018	  0.0378	  1.5361	  0.0000
  4.0562	  8.5630	  0.0103	  0.0287	  1.5411	  0.0000
  4.3255	  8.5630	 -0.0047	  0.0206	  1.4930	  0.0000
  4.5949	  8.5630	 -0.0110	  0.0042	  1.5487	  0.0000
  4.8643	  8.5630	 -0.0109	 -0.0021	  1.6829	  0.0000
  5.1337	  8.5630	 -0.0164	  0.0041	  0.0000	  1.0000
  5.4030	  8.5630	  0.0076	  0.0173	  1.5608	  0.0000
  5.6724	  8.5630	  0.0029	  0.0129	  1.5936	  0.0000
  5.9418	  8.5630	 -0.0013	  0.0111	  1.6283	  0.0000
  6.2111	  8.5630	  0.0124	  0.0028	  1.6874	  0.0000
  6.4805	  8.5630	  0.0071	  0.0023	  1.5134	  0.0000
  6.7499	  8.5630	 -0.0127	  0.0097	  1.6030	  0.0000
  7.0193	  8.5630	  0.0078	  0.0001	  1.6411	  0.0000
  7.2886	  8.5630	  0.0007	 -0.0078	  1.6701	  0.0000
  7.5580	  8.5630	  0.0147	  0.0081	  1.5930	  0.0000
  7.8274	  8.5630	  0.0148	  0.0020	  1.5877	  0.0000
  8.0968	  8.5630	  0.0180	  0.0036	  1.6952	  0.0000
  8.3661	  8.5630	  0.0037	  0.0215	  1.4770	  0.0000
  8.6355	  8.5630	  0.0021	  0.0129	  1.4956	  0.0000
  8.9049	  8.5630	  0.0130	  0.0157	  1.6168	  0.0000
  9.1743	  8.5630	 -0.0008	  0.0196	  1.5934	  0.0000
  9.4436	  8.5630	  0.0094	  0.0035	  1.7582	  0.0000
  9.7130	  8.5630	  0.0062	 -0.0018	  2.0628	  0.0000
  9.9824	  8.5630	 -0.0004	 -0.0113	  1.9682	  0.0000
  0.2849	  8.8324	  0.0230	  0.0571	  1.4210	  0.0000
  0.5543	  8.8324	  0.0121	  0.0358	  1.6794	  0.0000
  0.8237	  8.8324	 -0.0007	  0.0097	  1.5478	  0.0000
  1.0930	  8.8324	 -0.0088	  0.0126	  1.6845	  0.0000
  1.3624	  8.8324	 -0.0083	  0.0251	  1.7308	  0.0000
  1.6318	  8.8324	  0.0093	  0.0426	  1.6783	  0.0000
  1.9012	  8.8324	  0.0050	  0.0227	  1.7233	  0.0000
  2.1705	  8.8324	  0.0123	  0.0258	  1.5908	  0.0000
  2.4399	  8.8324	  0.0151	  0.0267	  1.4875	  0.0000
  2.7093	  8.8324	  0.0006	  0.0290	  1.5592	  0.0000
  2.9787	  8.8324	 -0.0052	  0.0189	  1.6078	  0.0000
  3.2480	  8.8324	  0.0070	  0.0328	  1.7038	  0.0000
  3.5174	  8.8324	  0.0106	  0.0238	  1.7794	  0.0000
  3.7868	  8.8324	  0.0078	  0.0121	  1.5675	  0.0000
  4.0562	  8.8324	  0.0015	  0.0172	  0.0000	  1.0000
  4.3255	  8.8324	 -0.0007	  0.0144	  0.0000	  1.0000
  4.5949	  8.8324	  0.0104	  0.0055	  1.6566	  0.0000
  4.8643	  8.8324	 -0.0020	  0.0028	  1.5792	  0.0000
  5.1337	  8.8324	 -0.0011	  0.0163	  1.4169	  0.0000
  5.4030	  8.8324	 -0.0029	  0.0068	  1.4717	  0.0000
  5.6724	  8.8324	  0.0048	  0.0054	  1.5548	  0.0000
  5.9418	  8.8324	  0.0006	  0.0083	  1.6742	  0.0000
  6.2111	  8.8324	  0.0067	  0.0057	  1.7038	  0.0000
  6.4805	  8.8324	  0.0061	  0.0107	  1.4827	  0.0000
  6.7499	  8.8324	 -0.0045	  0.0123	  1.4866	  0.0000
  7.0193	  8.8324	 -0.0005	 -0.0027	  1.7650	  0.0000
  7.2886	  8.8324	  0.0113	  0.0038	  1.8042	  0.0000
  7.5580	  8.8324	  0.0073	  0.0029	  1.5986	  0.0000
  7.8274	  8.8324	  0.0038	  0.0116	  1.4858	  0.0000
  8.0968	  8.8324	  0.0005	  0.0102	  1.5306	  0.0000
  8.3661	  8.8324	 -0.0049	  0.0098	  1.6509	  0.0000
  8.6355	  8.8324	  0.0034	  0.0046	  1.4480	  0.0000
  8.9049	  8.8324	  0.0113	  0.0156	  1.6609	  0.0000
  9.1743	  8.8324	  0.0045	  0.0288	  1.6133	  0.0000
  9.4436	  8.8324	 -0.0009	  0.0086	  1.6531	  0.0000
  9.7130	  8.8324	 -0.0056	  0.0032	  2.1112	  0.0000
  9.9824	  8.8324	  0.0024	  0.0069	  2.1180	  0.0000
  0.2849	  9.1017	 -0.0004	  0.0193	  1.7820	  0.0000
  0.5543	  9.1017	 -0.0008	  0.0128	  1.4693	  0.0000
  0.8237	  9.1017	 -0.0133	  0.0096	  1.8115	  0.0000
  1.0930	  9.1017	 -0.0162	  0.0205	  1.9222	  0.0000
  1.3624	  9.1017	 -0.0060	  0.0328	  1.6679	  0.0000
  1.6318	  9.1017	  0.0108	  0.0415	  1.7521	  0.0000
  1.9012	  9.1017	  0.0150	  0.0252	  1.7280	  0.0000
  2.1705	  9.1017	  0.0081	  0.0300	  0.0000	  1.0000
  2.4399	  9.1017	  0.0103	  0.0233	  1.6609	  0.0000
  2.7093	  9.1017	 -0.0026	  0.0274	  1.8357	  0.0000
  2.9787	  9.1017	  0.0121	  0.0217	  1.5836	  0.0000
  3.2480	  9.1017	  0.0168	  0.0143	  1.6831	  0.0000
  3.5174	  9.1017	  0.0173	  0.0153	  1.7479	  0.0000
  3.7868	  9.1017	  0.0216	  0.0183	  1.5654	  0.0000
  4.0562	  9.1017	  0.0026	  0.0143	  1.5054	  0.0000
  4.3255	  9.1017	  0.0070	  0.0199	  1.6286	  0.0000
  4.5949	  9.1017	 -0.0014	  0.0129	  1.5034	  0.0000
  4.8643	  9.1017	 -0.0036	  0.0191	  1.5892	  0.0000
  5.1337	  9.1017	 -0.0001	  0.0124	  1.4680	  0.0000
  5.4030	  9.1017	 -0.0060	 -0.0013	  1.5736	  0.0000
  5.6724	  9.1017	  0.0011	  0.0038	  1.6130	  0.0000
  5.9418	  9.1017	  0.0056	 -0.0022	  1.6321	  0.0000
  6.2111	  9.1017	  0.0097	  0.0177	  1.5963	  0.0000
  6.4805	  9.1017	 -0.0002	  0.0002	  1.5864	  0.0000
  6.7499	  9.1017	  0.0100	  0.0071	  1.5618	  0.0000
  7.0193	  9.1017	  0.0032	  0.0006	  1.6486	  0.0000
  7.2886	  9.1017	  0.0071	 -0.0049	  1.6100	  0.0000
  7.5580	  9.1017	  0.0062	  0.0058	  1.6407	  0.0000
  7.8274	  9.1017	 -0.0050	 -0.0054	  1.5732	  0.0000
  8.0968	  9.1017	  0.0086	 -0.0009	  1.6004	  0.0000
  8.3661	  9.1017	  0.0082	  0.0177	  1.7637	  0.0000
  8.6355	  9.1017	  0.0037	  0.0127	  1.6964	  0.0000
  8.9049	  9.1017	 -0.0004	 -0.0007	  1.6122	  0.0000
  9.1743	  9.1017	 -0.0031	  0.0002	  1.6313	  0.0000
  9.4436	  9.1017	  0.0216	  0.0050	  1.9427	  0.0000
  9.7130	  9.1017	  0.0053	  0.0029	  0.0000	  1.0000
  9.9824	  9.1017	  0.0068	 -0.0016	  1.7879	  0.0000
  0.2849	  9.3711	  0.0053	  0.0280	  0.0000	  1.0000
  0.5543	  9.3711	 -0.0367	  0.0055	  1.5508	  0.0000
  0.8237	  9.3711	 -0.0320	  0.0165	  1.7358	  0.0000
  1.0930	  9.3711	  0.0019	  0.0342	  1.5445	  0.0000
  1.3624	  9.3711	  0.0076	  0.0409	  1.7795	  0.0000
  1.6318	  9.3711	  0.0111	  0.0366	  1.6791	  0.0000
  1.9012	  9.3711	  0.0146	  0.0364	  1.7769	  0.0000
  2.1705	  9.3711	  0.0134	  0.0266	  1.8021	  0.0000
  2.4399	  9.3711	  0.0156	  0.0464	  1.5876	  0.0000
  2.7093	  9.3711	  0.0128	  0.0401	  1.6028	  0.0000
  2.9787	  9.3711	  0.0151	  0.0127	  1.7837	  0.0000
  3.2480	  9.3711	  0.0009	  0.0240	  1.6802	  0.0000
  3.5174	  9.3711	 -0.0046	  0.0130	  1.6108	  0.0000
  3.7868	  9.3711	  0.0123	  0.0144	  1.6770	  0.0000
  4.0562	  9.3711	 -0.0014	  0.0128	  1.7654	  0.0000
  4.3255	  9.3711	  0.0025	  0.0199	  1.5812	  0.0000
  4.5949	  9.3711	  0.0021	  0.0119	  1.4912	  0.0000
  4.8643	  9.3711	 -0.0034	  0.0086	  1.4765	  0.0000
  5.1337	  9.3711	  0.0022	  0.0186	  1.6310	  0.0000
  5.4030	  9.3711	  0.0036	  0.0085	  1.6078	  0.0000
  5.6724	  9.3711	  0.0059	  0.0137	  1.5762	  0.0000
  5.9418	  9.3711	  0.0111	 -0.0039	  1.6348	  0.0000
  6.2111	  9.3711	  0.0007	  0.0100	  1.4908	  0.0000
  6.4805	  9.3711	  0.0006	 -0.0116	  1.6897	  0.0000
  6.7499	  9.3711	  0.0143	 -0.0015	  1.5778	  0.0000
  7.0193	  9.3711	  0.0016	 -0.0010	  1.4397	  0.0000
  7.2886	  9.3711	  0.0112	  0.0000	  1.8834	  0.0000
  7.5580	  9.3711	  0.0005	 -0.0031	  1.5998	  0.0000
  7.8274	  9.3711	  0.0073	 -0.0060	  1.5462	  0.0000
  8.0968	  9.3711	  0.0040	 -0.0056	  1.4661	  0.0000
  8.3661	  9.3711	  0.0008	  0.0040	  1.4629	  0.0000
  8.6355	  9.3711	 -0.0063	  0.0120	  1.5411	  0.0000
  8.9049	  9.3711	  0.0067	 -0.0008	  1.7095	  0.0000
  9.1743	  9.3711	  0.0029	  0.0043	  1.6917	  0.0000
  9.4436	  9.3711	  0.0146	 -0.0020	  1.7834	  0.0000
  9.7130	  9.3711	 -0.0010	 -0.0115	  1.6827	  0.0000
  9.9824	  9.3711	  0.0067	 -0.0041	  1.8930	  0.0000
  0.2849	  9.6405	 -0.0034	  0.0291	  1.9315	  0.0000
  0.5543	  9.6405	 -0.0154	  0.0104	  1.8922	  0.0000
  0.8237	  9.6405	 -0.0025	  0.0396	  1.5769	  0.0000
  1.0930	  9.6405	  0.0180	  0.0292	  1.7145	  0.0000
  1.3624	  9.6405	  0.0087	  0.0333	  1.6656	  0.0000
  1.6318	  9.6405	  0.0383	  0.0324	  1.6008	  0.0000
  1.9012	  9.6405	  0.0247	  0.0288	  1.5914	  0.0000
  2.1705	  9.6405	 -0.0007	  0.0212	  1.6744	  0.0000
  2.4399	  9.6405	  0.0187	  0.0181	  1.8396	  0.0000
  2.7093	  9.6405	  0.0214	  0.0298	  1.7780	  0.0000
  2.9787	  9.6405	  0.0163	  0.0359	  1.6632	  0.0000
  3.2480	  9.6405	  0.0119	  0.0230	  1.7158	  0.0000
  3.5174	  9.6405	  0.0157	  0.0100	  1.6049	  0.0000
  3.7868	  9.6405	  0.0211	  0.0086	  1.6573	  0.0000
  4.0562	  9.6405	  0.0053	  0.0131	  1.8697	  0.0000
  4.3255	  9.6405	 -0.0044	  0.0069	  1.7732	  0.0000
  4.5949	  9.6405	  0.0086	  0.0038	  1.5432	  0.0000
  4.8643	  9.6405	  0.0080	  0.0113	  1.5251	  0.0000
  5.1337	  9.6405	  0.0258	  0.0023	  1.6418	  0.0000
  5.4030	  9.6405	 -0.0055	  0.0009	  1.6204	  0.0000
  5.6724	  9.6405	 -0.0046	  0.0062	  1.5549	  0.0000
  5.9418	  9.6405	 -0.0008	 -0.0075	  1.6017	  0.0000
  6.2111	  9.6405	  0.0100	  0.0084	  1.6207	  0.0000
  6.4805	  9.6405	  0.0081	  0.0027	  1.5792	  0.0000
  6.7499	  9.6405	  0.0125	  0.0027	  1.5307	  0.0000
  7.0193	  9.6405	  0.0116	  0.0084	  1.4631	  0.0000
  7.2886	  9.6405	  0.0036	 -0.0036	  1.5980	  0.0000
  7.5580	  9.6405	  0.0028	  0.0048	  1.4836	  0.0000
  7.8274	  9.6405	  0.0176	  0.0029	  1.3949	  0.0000
  8.0968	  9.6405	  0.0144	  0.0117	  1.4621	  0.0000
  8.3661	  9.6405	  0.0138	  0.0113	  1.6464	  0.0000
  8.6355	  9.6405	  0.0005	  0.0017	  1.4994	  0.0000
  8.9049	  9.6405	  0.0072	 -0.0045	  1.5007	  0.0000
  9.1743	  9.6405	  0.0065	 -0.0032	  1.7184	  0.0000
  9.4436	  9.6405	  0.0001	  0.0084	  1.6633	  0.0000
  9.7130	  9.6405	  0.0056	  0.0043	  2.0829	  0.0000
  9.9824	  9.6405	  0.0117	  0.0070	  1.6444	  0.0000
  0.2849	  9.9099	  0.0267	  0.0309	  1.8549	  0.0000
  0.5543	  9.9099	  0.0233	  0.0438	  1.6679	  0.0000
  0.8237	  9.9099	  0.0328	  0.0473	  1.4869	  0.0000
  1.0930	  9.9099	  0.0287	  0.0235	  1.6152	  0.0000
  1.3624	  9.9099	  0.0203	  0.0385	  1.4376	  0.0000
  1.6318	  9.9099	  0.0274	  0.0306	  1.6272	  0.0000
  1.9012	  9.9099	  0.0155	  0.0202	  1.7418	  0.0000
  2.1705	  9.9099	 -0.0002	  0.0118	  1.7840	  0.0000
  2.4399	  9.9099	  0.0072	  0.0107	  1.8117	  0.0000
  2.7093	  9.9099	  0.0176	  0.0117	  1.7544	  0.0000
  2.9787	  9.9099	  0.0149	  0.0145	  1.7384	  0.0000
  3.2480	  9.9099	  0.0109	  0.0116	  1.9318	  0.0000
  3.5174	  9.9099	 -0.0025	  0.0146	  1.6075	  0.0000
  3.7868	  9.9099	 -0.0026	  0.0087	  1.5255	  0.0000
  4.0562	  9.9099	  0.0180	  0.0109	  1.7287	  0.0000
  4.3255	  9.9099	  0.0008	  0.0142	  1.7321	  0.0000
  4.5949	  9.9099	  0.0056	  0.0113	  0.0000	  1.0000
  4.8643	  9.9099	  0.0114	  0.0153	  1.7947	  0.0000
  5.1337	  9.9099	  0.0038	  0.0084	  0.0000	  1.0000
  5.4030	  9.9099	  0.0028	  0.0240	  1.4991	  0.0000
  5.6724	  9.9099	  0.0054	  0.0064	  0.0000	  1.0000
  5.9418	  9.9099	  0.0033	  0.0011	  1.4956	  0.0000
  6.2111	  9.9099	  0.0256	  0.0081	  1.4854	  0.0000
  6.4805	  9.9099	  0.0070	  0.0023	  0.0000	  1.0000
  6.7499	  9.9099	  0.0034	  0.0074	  1.4411	  0.0000
  7.0193	  9.9099	 -0.0009	  0.0056	  1.5468	  0.0000
  7.2886	  9.9099	  0.0063	  0.0009	  1.6344	  0.0000
  7.5580	  9.9099	  0.0004	  0.0018	  1.6784	  0.0000
  7.8274	  9.9099	 -0.0034	 -0.0121	  1.5034	  0.0000
  8.0968	  9.9099	  0.0069	 -0.0079	  1.7123	  0.0000
  8.3661	  9.9099	  0.0180	  0.0110	  1.5307	  0.0000
  8.6355	  9.9099	  0.0048	  0.0091	  1.6416	  0.0000
  8.9049	  9.9099	  0.0046	 -0.0042	  1.5841	  0.0000
  9.1743	  9.9099	  0.0024	 -0.0055	  1.4425	  0.0000
  9.4436	  9.9099	  0.0047	  0.0024	  0.0000	  1.0000
  9.7130	  9.9099	  0.0115	  0.0013	  1.8811	  0.0000
  9.9824	  9.9099	 -0.0062	  0.0027	  1.7218	  0.0000
  0.2849	 10.1792	  0.0425	  0.0240	  1.8447	  0.0000
  0.5543	 10.1792	  0.0298	  0.0260	  1.6401	  0.0000
  0.8237	 10.1792	  0.0127	  0.0223	  1.7344	  0.0000
  1.0930	 10.1792	  0.0014	  0.0266	  1.3624	  0.0000
  1.3624	 10.1792	  0.0144	  0.0268	  1.7000	  0.0000
  1.6318	 10.1792	  0.0273	  0.0284	  1.6523	  0.0000
  1.9012	 10.1792	  0.0364	  0.0118	  1.5566	  0.0000
  2.1705	 10.1792	  0.0015	  0.0066	  1.6457	  0.0000
  2.4399	 10.1792	  0.0103	  0.0179	  1.7087	  0.0000
  2.7093	 10.1792	  0.0028	  0.0062	  1.7982	  0.0000
  2.9787	 10.1792	  0.0097	  0.0136	  1.7396	  0.0000
  3.2480	 10.1792	  0.0155	  0.0052	  1.7958	  0.0000
  3.5174	 10.1792	  0.0099	  0.0148	  1.8215	  0.0000
  3.7868	 10.1792	  0.0135	  0.0114	  1.6139	  0.0000
  4.0562	 10.1792	  0.0100	  0.0102	  1.4418	  0.0000
  4.3255	 10.1792	  0.0161	  0.0066	  1.7965	  0.0000
  4.5949	 10.1792	 -0.0010	  0.0121	  1.5580	  0.0000
  4.8643	 10.1792	  0.0053	  0.0101	  0.0000	  1.0000
  5.1337	 10.1792	  0.0079	  0.0084	  1.4775	  0.0000
  5.4030	 10.1792	  0.0062	  0.0078	  0.0000	  1.0000
  5.6724	 10.1792	  0.0122	 -0.0016	  1.6389	  0.0000
  5.9418	 10.1792	 -0.0017	  0.0040	  1.4666	  0.0000
  6.2111	 10.1792	  0.0226	  0.0087	  1.4838	  0.0000
  6.4805	 10.1792	  0.0100	  0.0028	  1.3445	  0.0000
  6.7499	 10.1792	  0.0087	 -0.0002	  1.5281	  0.0000
  7.0193	 10.1792	  0.0110	 -0.0033	  1.4667	  0.0000
  7.2886	 10.1792	  0.0114	 -0.0059	  1.6649	  0.0000
  7.5580	 10.1792	  0.0075	  0.0005	  0.0000	  1.0000
  7.8274	 10.1792	 -0.0081	 -0.0030	  1.5086	  0.0000
  8.0968	 10.1792	  0.0116	 -0.0018	  1.5379	  0.0000
  8.3661	 10.1792	  0.0213	 -0.0036	  1.6058	  0.0000
  8.6355	 10.1792	  0.0063	  0.0013	  0.0000	  1.0000
  8.9049	 10.1792	  0.0111	  0.0001	  1.7231	  0.0000
  9.1743	 10.1792	  0.0010	  0.0039	  1.6690	  0.0000
  9.4436	 10.1792	  0.0048	  0.0117	  1.8923	  0.0000
  9.7130	 10.1792	  0.0047	  0.0155	  1.7876	  0.0000
  9.9824	 10.1792	  0.0019	  0.0050	  1.5413	  0.0000
