# x	y	u	v	s2n	mask
  0.0001	  0.0001	 -0.0339	 -0.0259	  3.2814	  0.0000
  0.0002	  0.0001	 -0.0152	 -0.0777	  1.9463	  0.0000
  0.0003	  0.0001	  0.0192	 -0.0665	  3.5425	  0.0000
  0.0004	  0.0001	 -0.0580	  0.0036	  2.1511	  0.0000
  0.0005	  0.0001	  0.0020	 -0.0652	  1.7869	  0.0000
  0.0006	  0.0001	  0.0222	 -0.0681	  3.1599	  0.0000
  0.0007	  0.0001	  0.0274	  0.0043	  2.4936	  0.0000
  0.0008	  0.0001	  0.0535	  0.0069	  2.3282	  0.0000
  0.0009	  0.0001	 -0.0066	 -0.0523	  2.5244	  0.0000
  0.0010	  0.0001	  0.0586	 -0.0844	  2.9001	  0.0000
  0.0011	  0.0001	  0.0017	 -0.0265	  2.6264	  0.0000
  0.0012	  0.0001	  0.0401	 -0.0031	  2.3814	  0.0000
  0.0013	  0.0001	 -0.0197	 -0.0562	  2.7475	  0.0000
  0.0014	  0.0001	 -0.0183	 -0.0762	  2.7249	  0.0000
  0.0015	  0.0001	  0.0069	 -0.0365	  3.0157	  0.0000
  0.0016	  0.0001	  0.0160	 -0.0405	  2.8895	  0.0000
  0.0017	  0.0001	 -0.0473	  0.0158	  2.5683	  0.0000
  0.0018	  0.0001	  0.0251	 -0.0585	  2.9518	  0.0000
  0.0019	  0.0001	 -0.0079	 -0.0822	  2.7375	  0.0000
  0.0020	  0.0001	  0.0075	 -0.0455	  2.5825	  0.0000
  0.0021	  0.0001	  0.0532	 -0.1245	  2.5853	  0.0000
  0.0022	  0.0001	  0.0270	 -0.1005	  2.1238	  0.0000
  0.0023	  0.0001	 -0.0228	  0.0398	  3.3571	  0.0000
  0.0024	  0.0001	  0.0068	 -0.0222	  2.3019	  0.0000
  0.0025	  0.0001	  0.0206	 -0.0439	  0.0000	  1.0000
  0.0026	  0.0001	  0.0580	 -0.1075	  2.1792	  0.0000
  0.0027	  0.0001	 -0.0050	  0.0247	  1.9941	  0.0000
  0.0028	  0.0001	  0.0336	 -0.0072	  2.1306	  0.0000
  0.0029	  0.0001	  0.0448	 -0.0839	  2.5673	  0.0000
  0.0030	  0.0001	  0.0570	 -0.0568	  2.0907	  0.0000
  0.0031	  0.0001	  0.0472	 -0.0872	  1.9098	  0.0000
  0.0032	  0.0001	  0.1322	 -0.0925	  2.1435	  0.0000
  0.0033	  0.0001	  0.0552	 -0.0071	  2.5796	  0.0000
  0.0034	  0.0001	  0.0482	 -0.0297	  2.6287	  0.0000
  0.0035	  0.0001	  0.0232	 -0.0808	  2.3610	  0.0000
  0.0036	  0.0001	  0.0327	 -0.1020	  2.0340	  0.0000
  0.0037	  0.0001	  0.0728	 -0.0348	  1.7942	  0.0000
  0.0038	  0.0001	  0.1779	 -0.0505	  1.4563	  0.0000
  0.0039	  0.0001	  0.0588	 -0.0577	  2.1918	  0.0000
  0.0040	  0.0001	 -0.0453	 -0.0171	  2.4184	  0.0000
  0.0001	  0.0002	 -0.0237	 -0.0230	  2.5073	  0.0000
  0.0002	  0.0002	  0.0088	 -0.0142	  2.8195	  0.0000
  0.0003	  0.0002	  0.0037	 -0.0658	  2.9835	  0.0000
  0.0004	  0.0002	 -0.0044	 -0.0163	  3.4716	  0.0000
  0.0005	  0.0002	  0.0060	  0.0032	  2.3574	  0.0000
  0.0006	  0.0002	 -0.0039	 -0.0487	  4.3629	  0.0000
  0.0007	  0.0002	  0.0378	 -0.0831	  2.7837	  0.0000
  0.0008	  0.0002	 -0.0327	  0.0151	  2.5656	  0.0000
  0.0009	  0.0002	  0.0133	 -0.0226	  3.0511	  0.0000
  0.0010	  0.0002	 -0.0206	 -0.0750	  2.5422	  0.0000
  0.0011	  0.0002	 -0.0158	 -0.0424	  2.6454	  0.0000
  0.0012	  0.0002	 -0.0771	 -0.0197	  2.4590	  0.0000
  0.0013	  0.0002	 -0.0098	 -0.1054	  2.9392	  0.0000
  0.0014	  0.0002	 -0.0204	 -0.0768	  2.9465	  0.0000
  0.0015	  0.0002	  0.0344	 -0.0625	  3.8069	  0.0000
  0.0016	  0.0002	  0.0372	 -0.0710	  2.9290	  0.0000
  0.0017	  0.0002	 -0.0166	 -0.0145	  3.2596	  0.0000
  0.0018	  0.0002	 -0.0105	 -0.0250	  2.4701	  0.0000
  0.0019	  0.0002	  0.0248	 -0.0222	  2.3683	  0.0000
  0.0020	  0.0002	  0.0099	 -0.0453	  2.2353	  0.0000
  0.0021	  0.0002	  0.0456	  0.0080	  3.3060	  0.0000
  0.0022	  0.0002	  0.0500	 -0.0003	  2.6794	  0.0000
  0.0023	  0.0002	  0.0571	  0.0059	  3.0372	  0.0000
  0.0024	  0.0002	  0.1231	 -0.0555	  2.8356	  0.0000
  0.0025	  0.0002	  0.0433	 -0.0204	  2.0078	  0.0000
  0.0026	  0.0002	 -0.0426	 -0.0862	  2.2109	  0.0000
  0.0027	  0.0002	 -0.0364	 -0.0178	  2.4387	  0.0000
  0.0028	  0.0002	 -0.0723	 -0.1062	  2.2938	  0.0000
  0.0029	  0.0002	  0.0561	 -0.0464	  2.5412	  0.0000
  0.0030	  0.0002	  0.0722	 -0.0882	  2.7151	  0.0000
  0.0031	  0.0002	  0.0589	 -0.0231	  2.5649	  0.0000
  0.0032	  0.0002	  0.0956	 -0.0767	  2.7698	  0.0000
  0.0033	  0.0002	  0.0349	 -0.0409	  2.4288	  0.0000
  0.0034	  0.0002	 -0.0128	 -0.0096	  2.8862	  0.0000
  0.0035	  0.0002	  0.0537	 -0.0334	  2.7142	  0.0000
  0.0036	  0.0002	  0.0466	 -0.0435	  1.6050	  0.0000
  0.0037	  0.0002	  0.0699	 -0.0863	  2.7028	  0.0000
  0.0038	  0.0002	  0.0429	 -0.0613	  2.6874	  0.0000
  0.0039	  0.0002	  0.0601	 -0.0638	  2.1352	  0.0000
  0.0040	  0.0002	  0.0107	 -0.0935	  1.8436	  0.0000
  0.0001	  0.0003	 -0.1410	  0.0532	  2.7391	  0.0000
  0.0002	  0.0003	 -0.0896	  0.0677	  3.1477	  0.0000
  0.0003	  0.0003	 -0.0432	 -0.0097	  3.0601	  0.0000
  0.0004	  0.0003	 -0.0712	 -0.0360	  2.1082	  0.0000
  0.0005	  0.0003	 -0.0084	 -0.0025	  2.4198	  0.0000
  0.0006	  0.0003	 -0.0442	 -0.0579	  2.7575	  0.0000
  0.0007	  0.0003	 -0.0142	 -0.0523	  2.7453	  0.0000
  0.0008	  0.0003	 -0.0142	  0.0243	  2.4830	  0.0000
  0.0009	  0.0003	 -0.0439	  0.0097	  2.6173	  0.0000
  0.0010	  0.0003	  0.0036	 -0.0401	  3.0677	  0.0000
  0.0011	  0.0003	  0.0129	  0.0139	  2.4818	  0.0000
  0.0012	  0.0003	  0.0785	 -0.0337	  2.3409	  0.0000
  0.0013	  0.0003	 -0.0401	 -0.1177	  2.9049	  0.0000
  0.0014	  0.0003	 -0.0248	 -0.1289	  3.1612	  0.0000
  0.0015	  0.0003	  0.0790	 -0.0277	  2.8790	  0.0000
  0.0016	  0.0003	 -0.0025	 -0.0828	  3.2419	  0.0000
  0.0017	  0.0003	  0.0275	 -0.0021	  3.5683	  0.0000
  0.0018	  0.0003	  0.0499	 -0.0228	  3.1816	  0.0000
  0.0019	  0.0003	  0.0359	 -0.0510	  2.3238	  0.0000
  0.0020	  0.0003	  0.0370	 -0.0256	  1.9705	  0.0000
  0.0021	  0.0003	  0.0778	  0.0218	  2.8820	  0.0000
  0.0022	  0.0003	 -0.0088	 -0.0036	  2.1448	  0.0000
  0.0023	  0.0003	  0.0354	 -0.1150	  2.5685	  0.0000
  0.0024	  0.0003	  0.1029	 -0.0736	  2.0369	  0.0000
  0.0025	  0.0003	  0.0077	 -0.0209	  2.1669	  0.0000
  0.0026	  0.0003	 -0.0256	  0.0760	  1.8395	  0.0000
  0.0027	  0.0003	  0.0102	 -0.0970	  2.8440	  0.0000
  0.0028	  0.0003	  0.0146	 -0.1197	  2.5272	  0.0000
  0.0029	  0.0003	 -0.0358	 -0.0791	  1.8866	  0.0000
  0.0030	  0.0003	 -0.0596	 -0.0302	  2.1227	  0.0000
  0.0031	  0.0003	  0.1963	 -0.0564	  1.8923	  0.0000
  0.0032	  0.0003	  0.0834	 -0.1253	  1.7529	  0.0000
  0.0033	  0.0003	  0.0162	 -0.1131	  2.0243	  0.0000
  0.0034	  0.0003	 -0.0027	 -0.0825	  3.0915	  0.0000
  0.0035	  0.0003	  0.0871	 -0.0668	  3.0170	  0.0000
  0.0036	  0.0003	  0.0988	 -0.0757	  3.0158	  0.0000
  0.0037	  0.0003	 -0.0105	 -0.0284	  2.7833	  0.0000
  0.0038	  0.0003	  0.0250	 -0.0469	  2.1173	  0.0000
  0.0039	  0.0003	  0.0833	 -0.1626	  2.0772	  0.0000
  0.0040	  0.0003	  0.0759	 -0.0731	  3.2374	  0.0000
  0.0001	  0.0004	 -0.2279	 -0.0742	  1.6758	  0.0000
  0.0002	  0.0004	 -0.1928	  0.0115	  2.0657	  0.0000
  0.0003	  0.0004	 -0.2263	  0.0292	  2.2399	  0.0000
  0.0004	  0.0004	 -0.1443	  0.0152	  2.0454	  0.0000
  0.0005	  0.0004	 -0.0389	  0.0103	  2.6779	  0.0000
  0.0006	  0.0004	 -0.0513	  0.0169	  1.9549	  0.0000
  0.0007	  0.0004	 -0.0462	 -0.0040	  2.8581	  0.0000
  0.0008	  0.0004	 -0.1287	  0.0046	  1.9369	  0.0000
  0.0009	  0.0004	  0.1142	 -0.0229	  2.9143	  0.0000
  0.0010	  0.0004	  0.0238	 -0.0127	  2.1365	  0.0000
  0.0011	  0.0004	  0.0333	 -0.0212	  2.5150	  0.0000
  0.0012	  0.0004	  0.0824	 -0.0351	  2.3945	  0.0000
  0.0013	  0.0004	  0.0706	 -0.0818	  2.8820	  0.0000
  0.0014	  0.0004	  0.0204	 -0.0616	  2.6729	  0.0000
  0.0015	  0.0004	 -0.0061	 -0.0468	  0.0000	  1.0000
  0.0016	  0.0004	 -0.0048	 -0.0444	  2.2623	  0.0000
  0.0017	  0.0004	  0.0257	  0.0045	  3.3289	  0.0000
  0.0018	  0.0004	 -0.0556	  0.0015	  3.0470	  0.0000
  0.0019	  0.0004	  0.0361	 -0.0382	  2.8501	  0.0000
  0.0020	  0.0004	  0.0036	 -0.0654	  2.8688	  0.0000
  0.0021	  0.0004	  0.0274	 -0.0393	  2.4885	  0.0000
  0.0022	  0.0004	  0.0313	 -0.0423	  2.6882	  0.0000
  0.0023	  0.0004	  0.0118	 -0.0428	  0.0000	  1.0000
  0.0024	  0.0004	  0.0971	 -0.0771	  2.1497	  0.0000
  0.0025	  0.0004	 -0.0158	 -0.0035	  2.5424	  0.0000
  0.0026	  0.0004	 -0.0128	  0.0530	  2.6857	  0.0000
  0.0027	  0.0004	  0.0315	 -0.1198	  2.9600	  0.0000
  0.0028	  0.0004	  0.0580	 -0.1455	  2.7612	  0.0000
  0.0029	  0.0004	 -0.0145	 -0.0457	  2.8426	  0.0000
  0.0030	  0.0004	 -0.0080	 -0.0166	  2.6632	  0.0000
  0.0031	  0.0004	  0.0313	 -0.0607	  0.0000	  1.0000
  0.0032	  0.0004	  0.0111	 -0.0819	  2.3622	  0.0000
  0.0033	  0.0004	 -0.0145	 -0.0968	  2.3494	  0.0000
  0.0034	  0.0004	  0.0601	 -0.0491	  3.2302	  0.0000
  0.0035	  0.0004	  0.1124	 -0.1092	  2.0046	  0.0000
  0.0036	  0.0004	  0.0400	 -0.0774	  2.5044	  0.0000
  0.0037	  0.0004	  0.0321	 -0.0340	  2.0368	  0.0000
  0.0038	  0.0004	  0.0565	 -0.1186	  2.8060	  0.0000
  0.0039	  0.0004	  0.1178	 -0.1599	  2.2176	  0.0000
  0.0040	  0.0004	 -0.0241	 -0.0542	  1.9658	  0.0000
  0.0001	  0.0005	 -0.2778	 -0.0048	  1.1722	  1.0000
  0.0002	  0.0005	 -0.4677	  0.0004	  2.2542	  0.0000
  0.0003	  0.0005	 -0.2717	  0.0511	  2.2511	  0.0000
  0.0004	  0.0005	 -0.2375	  0.0728	  2.6387	  0.0000
  0.0005	  0.0005	 -0.2092	  0.0245	  0.0000	  1.0000
  0.0006	  0.0005	 -0.0591	  0.0015	  2.3104	  0.0000
  0.0007	  0.0005	 -0.0618	  0.0326	  2.8669	  0.0000
  0.0008	  0.0005	 -0.0004	 -0.0232	  2.9999	  0.0000
  0.0009	  0.0005	  0.1058	 -0.1322	  2.5250	  0.0000
  0.0010	  0.0005	  0.0351	 -0.1668	  2.7418	  0.0000
  0.0011	  0.0005	  0.0838	 -0.1229	  2.6632	  0.0000
  0.0012	  0.0005	  0.0583	 -0.0618	  2.5138	  0.0000
  0.0013	  0.0005	  0.0134	 -0.0877	  3.0877	  0.0000
  0.0014	  0.0005	 -0.0308	 -0.0975	  2.6416	  0.0000
  0.0015	  0.0005	  0.0357	 -0.0490	  2.2518	  0.0000
  0.0016	  0.0005	  0.0312	 -0.0325	  2.3759	  0.0000
  0.0017	  0.0005	 -0.0213	  0.0465	  2.6485	  0.0000
  0.0018	  0.0005	 -0.0653	  0.0219	  3.3028	  0.0000
  0.0019	  0.0005	 -0.0400	 -0.0598	  2.3275	  0.0000
  0.0020	  0.0005	  0.0059	 -0.0852	  2.4225	  0.0000
  0.0021	  0.0005	  0.0042	 -0.0154	  2.1661	  0.0000
  0.0022	  0.0005	 -0.0092	 -0.0395	  2.6522	  0.0000
  0.0023	  0.0005	 -0.0113	 -0.0785	  2.1506	  0.0000
  0.0024	  0.0005	 -0.0361	 -0.1109	  1.5950	  0.0000
  0.0025	  0.0005	 -0.0235	 -0.0610	  3.1251	  0.0000
  0.0026	  0.0005	 -0.0487	 -0.0235	  2.0196	  0.0000
  0.0027	  0.0005	  0.0021	 -0.0870	  2.9838	  0.0000
  0.0028	  0.0005	  0.0131	 -0.1084	  2.8418	  0.0000
  0.0029	  0.0005	  0.0652	 -0.0711	  2.7599	  0.0000
  0.0030	  0.0005	 -0.0072	 -0.1142	  2.6072	  0.0000
  0.0031	  0.0005	  0.0215	 -0.0588	  2.6180	  0.0000
  0.0032	  0.0005	  0.0232	 -0.0147	  3.0380	  0.0000
  0.0033	  0.0005	  0.0281	 -0.0307	  2.4684	  0.0000
  0.0034	  0.0005	  0.0500	 -0.0173	  2.6966	  0.0000
  0.0035	  0.0005	  0.1065	 -0.0461	  2.0175	  0.0000
  0.0036	  0.0005	  0.0149	 -0.0792	  2.0556	  0.0000
  0.0037	  0.0005	  0.0695	 -0.0796	  0.0000	  1.0000
  0.0038	  0.0005	  0.0179	 -0.0924	  3.4069	  0.0000
  0.0039	  0.0005	  0.1371	 -0.0829	  2.7133	  0.0000
  0.0040	  0.0005	  0.1895	 -0.1392	  2.5274	  0.0000
  0.0001	  0.0006	 -0.3760	 -0.0008	  0.0000	  1.0000
  0.0002	  0.0006	 -0.4584	  0.0078	  2.2260	  0.0000
  0.0003	  0.0006	 -0.3710	 -0.0372	  2.0145	  0.0000
  0.0004	  0.0006	 -0.1853	  0.0689	  2.3558	  0.0000
  0.0005	  0.0006	 -0.2176	  0.1076	  1.6781	  0.0000
  0.0006	  0.0006	 -0.2966	 -0.0331	  1.6063	  0.0000
  0.0007	  0.0006	 -0.2560	  0.1657	  1.5231	  0.0000
  0.0008	  0.0006	  0.0311	  0.0453	  2.4162	  0.0000
  0.0009	  0.0006	  0.1239	 -0.0656	  2.0540	  0.0000
  0.0010	  0.0006	  0.1566	 -0.1322	  2.0150	  0.0000
  0.0011	  0.0006	  0.0776	 -0.1295	  1.9866	  0.0000
  0.0012	  0.0006	  0.0056	 -0.1113	  2.1224	  0.0000
  0.0013	  0.0006	 -0.0151	 -0.0428	  2.7617	  0.0000
  0.0014	  0.0006	  0.0024	 -0.0307	  2.3679	  0.0000
  0.0015	  0.0006	 -0.0604	 -0.0594	  3.4277	  0.0000
  0.0016	  0.0006	 -0.0837	 -0.0707	  2.0795	  0.0000
  0.0017	  0.0006	 -0.0152	  0.0164	  3.3367	  0.0000
  0.0018	  0.0006	 -0.0493	 -0.0167	  3.1780	  0.0000
  0.0019	  0.0006	  0.0051	 -0.0010	  2.6501	  0.0000
  0.0020	  0.0006	  0.0247	 -0.0583	  2.1738	  0.0000
  0.0021	  0.0006	  0.0277	 -0.1128	  1.8800	  0.0000
  0.0022	  0.0006	  0.0010	 -0.0706	  1.4998	  0.0000
  0.0023	  0.0006	 -0.0142	 -0.0039	  2.6623	  0.0000
  0.0024	  0.0006	 -0.0606	 -0.0500	  2.4640	  0.0000
  0.0025	  0.0006	 -0.0351	 -0.0628	  3.3872	  0.0000
  0.0026	  0.0006	 -0.0007	 -0.0546	  0.0000	  1.0000
  0.0027	  0.0006	  0.0289	 -0.0310	  1.9134	  0.0000
  0.0028	  0.0006	  0.0199	 -0.0606	  3.3424	  0.0000
  0.0029	  0.0006	  0.0123	 -0.0572	  3.2005	  0.0000
  0.0030	  0.0006	 -0.0021	 -0.0606	  2.9106	  0.0000
  0.0031	  0.0006	 -0.0045	 -0.0457	  2.7378	  0.0000
  0.0032	  0.0006	  0.0172	 -0.0658	  2.9013	  0.0000
  0.0033	  0.0006	  0.0340	 -0.0510	  2.5583	  0.0000
  0.0034	  0.0006	  0.0529	 -0.0899	  2.5117	  0.0000
  0.0035	  0.0006	  0.1000	 -0.1149	  2.4491	  0.0000
  0.0036	  0.0006	  0.0621	 -0.0820	  0.0000	  1.0000
  0.0037	  0.0006	  0.0658	 -0.1017	  2.8784	  0.0000
  0.0038	  0.0006	  0.0842	 -0.0872	  2.6070	  0.0000
  0.0039	  0.0006	  0.1651	 -0.0674	  2.2900	  0.0000
  0.0040	  0.0006	  0.2669	 -0.0461	  2.4520	  0.0000
  0.0001	  0.0007	 -0.4221	 -0.1236	  2.0175	  0.0000
  0.0002	  0.0007	 -0.3976	 -0.0987	  2.3572	  0.0000
  0.0003	  0.0007	 -0.4662	 -0.0345	  1.8658	  0.0000
  0.0004	  0.0007	 -0.4516	  0.0265	  1.9615	  0.0000
  0.0005	  0.0007	 -0.4620	 -0.0045	  2.6170	  0.0000
  0.0006	  0.0007	 -0.3976	  0.1048	  2.5841	  0.0000
  0.0007	  0.0007	 -0.4160	  0.1670	  2.1662	  0.0000
  0.0008	  0.0007	 -0.0986	  0.1503	  1.8520	  0.0000
  0.0009	  0.0007	 -0.0383	 -0.0683	  2.7235	  0.0000
  0.0010	  0.0007	  0.0621	 -0.3950	  1.2453	  0.0000
  0.0011	  0.0007	  0.0149	 -0.3531	  1.5802	  0.0000
  0.0012	  0.0007	 -0.0351	 -0.1896	  2.0921	  0.0000
  0.0013	  0.0007	 -0.0770	 -0.1376	  2.4064	  0.0000
  0.0014	  0.0007	  0.0244	 -0.1631	  1.7720	  0.0000
  0.0015	  0.0007	 -0.0978	 -0.0140	  2.2713	  0.0000
  0.0016	  0.0007	 -0.0711	 -0.0118	  2.8794	  0.0000
  0.0017	  0.0007	 -0.0420	  0.0209	  2.7415	  0.0000
  0.0018	  0.0007	 -0.0456	  0.0890	  2.7089	  0.0000
  0.0019	  0.0007	  0.0347	  0.0238	  2.3074	  0.0000
  0.0020	  0.0007	  0.0588	 -0.0079	  1.7445	  0.0000
  0.0021	  0.0007	  0.0680	 -0.0163	  2.7191	  0.0000
  0.0022	  0.0007	 -0.0307	 -0.0720	  1.7672	  0.0000
  0.0023	  0.0007	 -0.0110	  0.0057	  2.8571	  0.0000
  0.0024	  0.0007	 -0.0095	 -0.0768	  2.6599	  0.0000
  0.0025	  0.0007	 -0.0632	 -0.0784	  2.8240	  0.0000
  0.0026	  0.0007	 -0.0629	 -0.0661	  2.8648	  0.0000
  0.0027	  0.0007	 -0.0190	 -0.0926	  2.4905	  0.0000
  0.0028	  0.0007	 -0.0122	 -0.0519	  2.5740	  0.0000
  0.0029	  0.0007	  0.0310	 -0.0154	  2.9920	  0.0000
  0.0030	  0.0007	  0.0413	 -0.0247	  2.2860	  0.0000
  0.0031	  0.0007	  0.0316	  0.0333	  2.0576	  0.0000
  0.0032	  0.0007	 -0.0208	 -0.0504	  2.4811	  0.0000
  0.0033	  0.0007	  0.1035	 -0.0771	  1.9841	  0.0000
  0.0034	  0.0007	  0.0498	 -0.0836	  2.1054	  0.0000
  0.0035	  0.0007	  0.1040	 -0.1303	  2.5462	  0.0000
  0.0036	  0.0007	  0.0594	 -0.1529	  2.5386	  0.0000
  0.0037	  0.0007	  0.0529	 -0.0939	  2.5503	  0.0000
  0.0038	  0.0007	  0.0715	 -0.0458	  2.3654	  0.0000
  0.0039	  0.0007	  0.0227	 -0.0626	  2.3223	  0.0000
  0.0040	  0.0007	  0.1144	 -0.1156	  1.4995	  0.0000
  0.0001	  0.0008	 -0.5759	 -0.0118	  0.0000	  1.0000
  0.0002	  0.0008	 -0.5086	 -0.0354	  2.2688	  0.0000
  0.0003	  0.0008	 -0.6004	  0.0197	  2.9778	  0.0000
  0.0004	  0.0008	 -0.5572	  0.0289	  2.2117	  0.0000
  0.0005	  0.0008	 -0.5788	  0.0941	  2.2936	  0.0000
  0.0006	  0.0008	 -0.5015	  0.2250	  1.5019	  0.0000
  0.0007	  0.0008	 -0.5193	  0.1635	  1.9772	  0.0000
  0.0008	  0.0008	 -0.1362	  0.1024	  2.2785	  0.0000
  0.0009	  0.0008	 -0.1625	 -0.0647	  2.6408	  0.0000
  0.0010	  0.0008	 -0.0172	 -0.2954	  1.3386	  0.0000
  0.0011	  0.0008	 -0.1296	 -0.4948	  1.8957	  0.0000
  0.0012	  0.0008	 -0.0627	 -0.1983	  2.2906	  0.0000
  0.0013	  0.0008	 -0.0903	 -0.1019	  2.4468	  0.0000
  0.0014	  0.0008	 -0.0751	 -0.0360	  2.3732	  0.0000
  0.0015	  0.0008	 -0.1481	 -0.0314	  1.8811	  0.0000
  0.0016	  0.0008	 -0.2763	  0.0516	  1.5036	  0.0000
  0.0017	  0.0008	 -0.1076	  0.1605	  1.4376	  0.0000
  0.0018	  0.0008	 -0.1035	  0.3402	  1.3354	  0.0000
  0.0019	  0.0008	 -0.1104	  0.0842	  1.8489	  0.0000
  0.0020	  0.0008	 -0.0312	  0.0176	  2.4200	  0.0000
  0.0021	  0.0008	  0.0314	  0.0514	  2.7049	  0.0000
  0.0022	  0.0008	  0.0194	 -0.0534	  2.0089	  0.0000
  0.0023	  0.0008	  0.0124	 -0.0404	  2.1686	  0.0000
  0.0024	  0.0008	  0.0186	 -0.1094	  3.5098	  0.0000
  0.0025	  0.0008	 -0.0086	 -0.0278	  3.2240	  0.0000
  0.0026	  0.0008	 -0.0802	 -0.0658	  2.8712	  0.0000
  0.0027	  0.0008	  0.0231	 -0.0103	  2.8097	  0.0000
  0.0028	  0.0008	  0.0011	 -0.0400	  1.8104	  0.0000
  0.0029	  0.0008	  0.0099	 -0.0384	  2.9207	  0.0000
  0.0030	  0.0008	  0.0105	  0.0524	  2.9757	  0.0000
  0.0031	  0.0008	  0.0378	  0.0084	  2.7185	  0.0000
  0.0032	  0.0008	  0.0297	 -0.0689	  2.2623	  0.0000
  0.0033	  0.0008	  0.0525	 -0.1088	  2.3511	  0.0000
  0.0034	  0.0008	  0.0620	 -0.0944	  2.4806	  0.0000
  0.0035	  0.0008	  0.0993	 -0.0764	  2.0460	  0.0000
  0.0036	  0.0008	  0.1377	 -0.1107	  2.6587	  0.0000
  0.0037	  0.0008	  0.0594	 -0.0976	  3.4623	  0.0000
  0.0038	  0.0008	  0.0874	 -0.0434	  2.5867	  0.0000
  0.0039	  0.0008	  0.0743	 -0.0889	  0.0000	  1.0000
  0.0040	  0.0008	  0.0034	 -0.0494	  2.0504	  0.0000
  0.0001	  0.0009	 -0.6535	 -0.1056	  2.6661	  0.0000
  0.0002	  0.0009	 -0.6970	  0.0340	  3.2377	  0.0000
  0.0003	  0.0009	 -0.7348	 -0.0095	  3.2796	  0.0000
  0.0004	  0.0009	 -0.6811	  0.0723	  3.1512	  0.0000
  0.0005	  0.0009	 -0.6828	  0.2714	  1.8454	  0.0000
  0.0006	  0.0009	 -0.6979	  0.3660	  1.5820	  0.0000
  0.0007	  0.0009	 -0.6907	  0.3336	  2.1915	  0.0000
  0.0008	  0.0009	 -0.5516	  0.2207	  2.2135	  0.0000
  0.0009	  0.0009	 -0.4224	  0.0066	  2.2052	  0.0000
  0.0010	  0.0009	 -0.1191	 -0.4362	  1.5503	  0.0000
  0.0011	  0.0009	 -0.3148	 -0.4227	  1.4780	  0.0000
  0.0012	  0.0009	 -0.0920	 -0.3175	  1.5833	  0.0000
  0.0013	  0.0009	 -0.1910	 -0.1304	  1.4432	  0.0000
  0.0014	  0.0009	 -0.2310	 -0.0689	  2.0117	  0.0000
  0.0015	  0.0009	 -0.3366	 -0.0266	  1.5823	  0.0000
  0.0016	  0.0009	 -0.2323	  0.0185	  1.8859	  0.0000
  0.0017	  0.0009	 -0.3140	  0.1885	  1.5989	  0.0000
  0.0018	  0.0009	 -0.5683	  0.4254	  1.3403	  0.0000
  0.0019	  0.0009	 -0.6035	  0.1034	  1.6461	  0.0000
  0.0020	  0.0009	 -0.1991	  0.0045	  1.0509	  1.0000
  0.0021	  0.0009	 -0.0492	 -0.0732	  1.9836	  0.0000
  0.0022	  0.0009	 -0.0542	 -0.0934	  2.1582	  0.0000
  0.0023	  0.0009	 -0.0094	 -0.0696	  1.5286	  0.0000
  0.0024	  0.0009	 -0.0016	 -0.1006	  2.5511	  0.0000
  0.0025	  0.0009	 -0.0024	 -0.1416	  2.2443	  0.0000
  0.0026	  0.0009	 -0.0419	 -0.0520	  2.5198	  0.0000
  0.0027	  0.0009	  0.0073	 -0.0312	  2.3343	  0.0000
  0.0028	  0.0009	  0.0063	  0.0377	  2.6457	  0.0000
  0.0029	  0.0009	  0.0006	  0.0617	  2.7907	  0.0000
  0.0030	  0.0009	 -0.0229	 -0.0056	  0.0000	  1.0000
  0.0031	  0.0009	 -0.0020	 -0.0435	  2.7607	  0.0000
  0.0032	  0.0009	  0.0047	 -0.0340	  2.8827	  0.0000
  0.0033	  0.0009	 -0.0042	 -0.1148	  2.4237	  0.0000
  0.0034	  0.0009	  0.0340	 -0.0988	  2.2549	  0.0000
  0.0035	  0.0009	 -0.0469	 -0.0735	  1.9534	  0.0000
  0.0036	  0.0009	  0.0828	 -0.0597	  2.8838	  0.0000
  0.0037	  0.0009	  0.0746	 -0.1166	  2.4664	  0.0000
  0.0038	  0.0009	  0.0773	  0.0940	  1.5448	  0.0000
  0.0039	  0.0009	  0.0972	 -0.1392	  3.1226	  0.0000
  0.0040	  0.0009	  0.0506	 -0.0780	  2.5108	  0.0000
  0.0001	  0.0010	 -0.7964	 -0.2428	  1.9439	  0.0000
  0.0002	  0.0010	 -0.7118	  0.0375	  2.4281	  0.0000
  0.0003	  0.0010	 -0.8390	  0.0448	  2.3756	  0.0000
  0.0004	  0.0010	 -0.7468	  0.1686	  2.2668	  0.0000
  0.0005	  0.0010	 -0.7829	  0.3871	  2.1399	  0.0000
  0.0006	  0.0010	 -0.7364	  0.3981	  1.7287	  0.0000
  0.0007	  0.0010	 -0.6564	  0.3647	  2.5130	  0.0000
  0.0008	  0.0010	 -0.7397	  0.2784	  2.2158	  0.0000
  0.0009	  0.0010	 -0.6417	  0.0489	  2.5568	  0.0000
  0.0010	  0.0010	 -0.5324	 -0.1427	  1.8810	  0.0000
  0.0011	  0.0010	 -0.4832	 -0.4008	  1.2589	  0.0000
  0.0012	  0.0010	 -0.3103	 -0.4052	  1.3471	  0.0000
  0.0013	  0.0010	 -0.2437	 -0.2138	  0.0000	  1.0000
  0.0014	  0.0010	 -0.2766	 -0.1258	  1.5285	  0.0000
  0.0015	  0.0010	 -0.3086	 -0.0585	  2.1508	  0.0000
  0.0016	  0.0010	 -0.1721	  0.0028	  1.7534	  0.0000
  0.0017	  0.0010	 -0.2316	  0.0098	  1.3713	  0.0000
  0.0018	  0.0010	 -0.5543	  0.0686	  1.7656	  0.0000
  0.0019	  0.0010	 -0.6635	  0.0337	  1.9099	  0.0000
  0.0020	  0.0010	 -0.5372	  0.0511	  2.1864	  0.0000
  0.0021	  0.0010	 -0.3197	 -0.2224	  1.6776	  0.0000
  0.0022	  0.0010	 -0.1274	 -0.2199	  1.7270	  0.0000
  0.0023	  0.0010	 -0.0890	 -0.0799	  1.8294	  0.0000
  0.0024	  0.0010	 -0.0799	 -0.0854	  2.1841	  0.0000
  0.0025	  0.0010	 -0.0967	 -0.0710	  2.3889	  0.0000
  0.0026	  0.0010	 -0.0407	 -0.0061	  2.3749	  0.0000
  0.0027	  0.0010	 -0.0872	 -0.0687	  2.5823	  0.0000
  0.0028	  0.0010	 -0.0268	 -0.0009	  2.4324	  0.0000
  0.0029	  0.0010	  0.0362	  0.0408	  2.6634	  0.0000
  0.0030	  0.0010	  0.0548	  0.0176	  2.7421	  0.0000
  0.0031	  0.0010	  0.0870	 -0.0182	  2.5139	  0.0000
  0.0032	  0.0010	  0.1045	 -0.0186	  2.3573	  0.0000
  0.0033	  0.0010	  0.0579	 -0.0613	  2.8529	  0.0000
  0.0034	  0.0010	  0.0007	 -0.1232	  2.4605	  0.0000
  0.0035	  0.0010	 -0.0484	 -0.1517	  2.2425	  0.0000
  0.0036	  0.0010	 -0.0120	 -0.1421	  2.5831	  0.0000
  0.0037	  0.0010	  0.0164	 -0.1074	  2.3002	  0.0000
  0.0038	  0.0010	  0.0286	 -0.0462	  2.5003	  0.0000
  0.0039	  0.0010	  0.0669	 -0.0647	  2.2443	  0.0000
  0.0040	  0.0010	  0.0735	 -0.0723	  2.3308	  0.0000
  0.0001	  0.0011	 -0.8122	 -0.2946	  1.6578	  0.0000
  0.0002	  0.0011	 -0.9770	 -0.0844	  1.5181	  0.0000
  0.0003	  0.0011	 -1.0014	  0.0668	  1.6594	  0.0000
  0.0004	  0.0011	 -0.8501	  0.0522	  2.1202	  0.0000
  0.0005	  0.0011	 -0.8431	  0.1916	  1.6920	  0.0000
  0.0006	  0.0011	 -0.8927	  0.3998	  1.7070	  0.0000
  0.0007	  0.0011	 -0.7693	  0.2570	  1.7450	  0.0000
  0.0008	  0.0011	 -0.7581	  0.1582	  2.6282	  0.0000
  0.0009	  0.0011	 -0.6719	  0.0031	  2.9544	  0.0000
  0.0010	  0.0011	 -0.5917	 -0.2324	  2.2198	  0.0000
  0.0011	  0.0011	 -0.5700	 -0.4155	  1.7930	  0.0000
  0.0012	  0.0011	 -0.2831	 -0.1933	  1.7849	  0.0000
  0.0013	  0.0011	 -0.2311	 -0.1603	  1.9716	  0.0000
  0.0014	  0.0011	 -0.2665	 -0.2106	  1.1994	  1.0000
  0.0015	  0.0011	 -0.0266	 -0.0961	  1.5975	  0.0000
  0.0016	  0.0011	 -0.0601	 -0.0620	  2.3946	  0.0000
  0.0017	  0.0011	 -0.1135	 -0.0200	  2.3065	  0.0000
  0.0018	  0.0011	 -0.4032	  0.0353	  2.2090	  0.0000
  0.0019	  0.0011	 -0.5940	  0.0313	  1.9500	  0.0000
  0.0020	  0.0011	 -0.3771	  0.0282	  0.0000	  1.0000
  0.0021	  0.0011	 -0.5243	 -0.0484	  1.6882	  0.0000
  0.0022	  0.0011	 -0.1619	 -0.0136	  2.1559	  0.0000
  0.0023	  0.0011	 -0.0533	 -0.0737	  2.4340	  0.0000
  0.0024	  0.0011	  0.0364	 -0.0809	  2.9184	  0.0000
  0.0025	  0.0011	 -0.0274	 -0.0468	  2.3446	  0.0000
  0.0026	  0.0011	 -0.0397	 -0.0210	  3.3270	  0.0000
  0.0027	  0.0011	 -0.0579	  0.0073	  2.6986	  0.0000
  0.0028	  0.0011	 -0.0547	  0.0197	  2.4919	  0.0000
  0.0029	  0.0011	 -0.0340	  0.1706	  2.2377	  0.0000
  0.0030	  0.0011	  0.1390	  0.2390	  1.3143	  0.0000
  0.0031	  0.0011	  0.1397	 -0.0102	  1.8732	  0.0000
  0.0032	  0.0011	  0.0011	 -0.1457	  1.5958	  0.0000
  0.0033	  0.0011	 -0.1972	 -0.0899	  0.0000	  1.0000
  0.0034	  0.0011	  0.0554	 -0.2771	  1.9329	  0.0000
  0.0035	  0.0011	 -0.0412	 -0.2109	  2.2100	  0.0000
  0.0036	  0.0011	 -0.0078	 -0.1990	  3.0702	  0.0000
  0.0037	  0.0011	  0.0634	 -0.1197	  2.1866	  0.0000
  0.0038	  0.0011	  0.0100	 -0.1429	  3.1392	  0.0000
  0.0039	  0.0011	  0.0934	 -0.1302	  2.2189	  0.0000
  0.0040	  0.0011	  0.1285	 -0.0689	  2.3032	  0.0000
  0.0001	  0.0012	 -0.8340	 -0.1841	  1.9033	  0.0000
  0.0002	  0.0012	 -1.2532	  0.0640	  1.4839	  0.0000
  0.0003	  0.0012	 -1.1898	  0.1323	  1.4245	  0.0000
  0.0004	  0.0012	 -0.9398	  0.1159	  2.3523	  0.0000
  0.0005	  0.0012	 -0.9735	  0.1526	  2.2883	  0.0000
  0.0006	  0.0012	 -1.0510	  0.1264	  1.6936	  0.0000
  0.0007	  0.0012	 -1.1300	  0.1250	  1.4906	  0.0000
  0.0008	  0.0012	 -0.9419	 -0.0045	  1.4594	  0.0000
  0.0009	  0.0012	 -0.7765	 -0.0556	  2.2562	  0.0000
  0.0010	  0.0012	 -0.7262	 -0.1923	  2.5291	  0.0000
  0.0011	  0.0012	 -0.5434	 -0.3060	  1.4113	  0.0000
  0.0012	  0.0012	 -0.4564	 -0.2303	  2.1004	  0.0000
  0.0013	  0.0012	 -0.2701	 -0.1939	  1.8390	  0.0000
  0.0014	  0.0012	 -0.2105	 -0.3174	  1.7574	  0.0000
  0.0015	  0.0012	 -0.0232	 -0.2281	  2.2119	  0.0000
  0.0016	  0.0012	 -0.0355	 -0.1136	  2.3205	  0.0000
  0.0017	  0.0012	 -0.1129	 -0.0417	  2.1499	  0.0000
  0.0018	  0.0012	 -0.4525	 -0.0968	  1.4287	  0.0000
  0.0019	  0.0012	 -0.5413	 -0.0097	  2.0105	  0.0000
  0.0020	  0.0012	 -0.5547	  0.0483	  1.6963	  0.0000
  0.0021	  0.0012	 -0.5726	  0.0005	  1.9978	  0.0000
  0.0022	  0.0012	 -0.4664	 -0.0756	  1.8129	  0.0000
  0.0023	  0.0012	 -0.2427	 -0.0270	  1.5501	  0.0000
  0.0024	  0.0012	  0.0266	  0.0290	  2.8979	  0.0000
  0.0025	  0.0012	  0.0461	 -0.0146	  1.6727	  0.0000
  0.0026	  0.0012	 -0.1090	 -0.0175	  2.0397	  0.0000
  0.0027	  0.0012	 -0.0621	  0.0968	  1.6619	  0.0000
  0.0028	  0.0012	 -0.5435	  0.2057	  1.0923	  1.0000
  0.0029	  0.0012	 -0.5114	  0.1877	  0.0000	  1.0000
  0.0030	  0.0012	 -0.5335	  0.7275	  1.4702	  0.0000
  0.0031	  0.0012	 -0.3368	  0.0076	  1.2914	  0.0000
  0.0032	  0.0012	 -0.0430	  0.0143	  1.4656	  0.0000
  0.0033	  0.0012	  0.0243	 -0.5192	  1.4743	  0.0000
  0.0034	  0.0012	  0.0383	 -0.4670	  2.7189	  0.0000
  0.0035	  0.0012	 -0.0122	 -0.2592	  1.3823	  0.0000
  0.0036	  0.0012	 -0.1216	 -0.1035	  1.9308	  0.0000
  0.0037	  0.0012	 -0.0855	 -0.0667	  2.9661	  0.0000
  0.0038	  0.0012	 -0.0331	 -0.0780	  2.8855	  0.0000
  0.0039	  0.0012	 -0.0273	 -0.1054	  3.9844	  0.0000
  0.0040	  0.0012	  0.0522	 -0.0782	  2.7185	  0.0000
  0.0001	  0.0013	 -0.7765	 -0.4139	  1.5652	  0.0000
  0.0002	  0.0013	 -0.6385	  0.2110	  1.8032	  0.0000
  0.0003	  0.0013	 -0.6146	  0.1518	  2.2893	  0.0000
  0.0004	  0.0013	 -0.8524	 -0.0995	  2.1698	  0.0000
  0.0005	  0.0013	 -1.3125	 -0.1710	  2.2599	  0.0000
  0.0006	  0.0013	 -1.2163	 -0.1903	  1.9035	  0.0000
  0.0007	  0.0013	 -1.3669	 -0.3379	  1.4111	  0.0000
  0.0008	  0.0013	 -0.8218	 -0.5353	  1.3643	  0.0000
  0.0009	  0.0013	 -0.7614	 -0.3090	  1.8408	  0.0000
  0.0010	  0.0013	 -0.6605	 -0.3693	  1.7373	  0.0000
  0.0011	  0.0013	 -0.6114	 -0.3792	  2.2402	  0.0000
  0.0012	  0.0013	 -0.4876	 -0.4199	  1.3482	  0.0000
  0.0013	  0.0013	 -0.5171	 -0.2056	  1.0389	  1.0000
  0.0014	  0.0013	 -0.4427	 -0.1982	  0.0000	  1.0000
  0.0015	  0.0013	 -0.0600	 -0.4946	  2.0702	  0.0000
  0.0016	  0.0013	 -0.0851	 -0.3532	  2.0279	  0.0000
  0.0017	  0.0013	 -0.2001	 -0.0743	  1.9435	  0.0000
  0.0018	  0.0013	 -0.5770	 -0.0457	  1.4518	  0.0000
  0.0019	  0.0013	 -0.6154	 -0.0504	  2.2481	  0.0000
  0.0020	  0.0013	 -0.6218	  0.0491	  2.8080	  0.0000
  0.0021	  0.0013	 -0.6338	  0.0102	  3.0628	  0.0000
  0.0022	  0.0013	 -0.6247	  0.1462	  2.2741	  0.0000
  0.0023	  0.0013	 -0.5211	  0.6117	  1.4840	  0.0000
  0.0024	  0.0013	 -0.9376	  0.1932	  0.0000	  1.0000
  0.0025	  0.0013	 -0.1349	 -0.0143	  1.4471	  0.0000
  0.0026	  0.0013	 -0.9077	  0.3434	  1.1755	  1.0000
  0.0027	  0.0013	 -0.8927	  0.3469	  1.1722	  1.0000
  0.0028	  0.0013	 -1.1702	  0.9319	  1.2332	  0.0000
  0.0029	  0.0013	  0.7693	  3.3118	  1.4995	  0.0000
  0.0030	  0.0013	 -0.6807	  0.1590	  0.0000	  1.0000
  0.0031	  0.0013	 -1.0360	  0.1139	  1.2758	  0.0000
  0.0032	  0.0013	 -0.5933	  0.0543	  0.0000	  1.0000
  0.0033	  0.0013	 -0.4035	 -0.4838	  1.4732	  0.0000
  0.0034	  0.0013	 -0.1789	 -0.4232	  1.7967	  0.0000
  0.0035	  0.0013	 -0.4439	 -0.0485	  1.6391	  0.0000
  0.0036	  0.0013	 -0.4360	  0.0674	  2.1861	  0.0000
  0.0037	  0.0013	 -0.1994	 -0.0546	  2.7705	  0.0000
  0.0038	  0.0013	 -0.0464	 -0.0432	  2.4760	  0.0000
  0.0039	  0.0013	 -0.0129	 -0.0723	  2.9509	  0.0000
  0.0040	  0.0013	  0.0838	 -0.0932	  3.2900	  0.0000
  0.0001	  0.0014	 -0.4945	 -0.1699	  1.5024	  0.0000
  0.0002	  0.0014	 -0.5261	  0.0966	  2.0316	  0.0000
  0.0003	  0.0014	 -0.5736	  0.0215	  2.3846	  0.0000
  0.0004	  0.0014	 -1.1736	 -0.6336	  1.8367	  0.0000
  0.0005	  0.0014	 -1.3067	 -0.6594	  2.9235	  0.0000
  0.0006	  0.0014	 -1.2324	 -0.4996	  1.7108	  0.0000
  0.0007	  0.0014	 -1.1305	 -0.5987	  2.0054	  0.0000
  0.0008	  0.0014	 -0.8911	 -0.5833	  1.3480	  0.0000
  0.0009	  0.0014	 -0.8978	 -0.2242	  1.9938	  0.0000
  0.0010	  0.0014	 -0.7216	 -0.4196	  1.8123	  0.0000
  0.0011	  0.0014	 -0.6405	 -0.5117	  2.3033	  0.0000
  0.0012	  0.0014	 -0.7091	 -0.4723	  1.2423	  0.0000
  0.0013	  0.0014	 -0.5279	 -0.6427	  1.3215	  0.0000
  0.0014	  0.0014	 -0.3936	 -0.3083	  1.3646	  0.0000
  0.0015	  0.0014	 -0.0920	 -0.5527	  1.7422	  0.0000
  0.0016	  0.0014	 -0.2005	 -0.4637	  1.4887	  0.0000
  0.0017	  0.0014	 -0.3011	 -0.0432	  1.5433	  0.0000
  0.0018	  0.0014	 -0.5402	 -0.0545	  1.5835	  0.0000
  0.0019	  0.0014	 -0.5139	 -0.0684	  1.7865	  0.0000
  0.0020	  0.0014	 -0.7230	 -0.1837	  2.2953	  0.0000
  0.0021	  0.0014	 -0.8248	 -0.1136	  1.8641	  0.0000
  0.0022	  0.0014	 -1.0803	  0.0531	  1.1987	  1.0000
  0.0023	  0.0014	 -0.9526	  0.7332	  1.2153	  0.0000
  0.0024	  0.0014	 -1.2568	  0.2618	  1.0818	  1.0000
  0.0025	  0.0014	 -1.2924	  0.3218	  1.0210	  1.0000
  0.0026	  0.0014	 -1.2717	  0.4352	  1.1196	  1.0000
  0.0027	  0.0014	 -1.2584	  0.4315	  1.0276	  1.0000
  0.0028	  0.0014	 -1.1894	  0.3582	  1.1451	  1.0000
  0.0029	  0.0014	 -1.0960	  0.2893	  1.0343	  1.0000
  0.0030	  0.0014	 -0.9111	  0.0698	  1.6455	  0.0000
  0.0031	  0.0014	 -1.2856	 -0.2035	  1.3881	  0.0000
  0.0032	  0.0014	 -1.1346	 -0.0733	  1.2190	  0.0000
  0.0033	  0.0014	 -0.7260	 -0.5027	  2.0473	  0.0000
  0.0034	  0.0014	 -0.7017	 -0.3903	  2.0433	  0.0000
  0.0035	  0.0014	 -0.6770	 -0.0719	  2.3283	  0.0000
  0.0036	  0.0014	 -0.6540	  0.0621	  2.3697	  0.0000
  0.0037	  0.0014	 -0.1649	  0.0139	  1.3231	  0.0000
  0.0038	  0.0014	 -0.0333	 -0.0113	  1.9875	  0.0000
  0.0039	  0.0014	 -0.0803	 -0.1443	  2.1959	  0.0000
  0.0040	  0.0014	  0.0117	 -0.1708	  2.9171	  0.0000
  0.0001	  0.0015	 -0.8328	 -0.0817	  1.9587	  0.0000
  0.0002	  0.0015	 -0.9391	 -0.0050	  1.4890	  0.0000
  0.0003	  0.0015	 -1.5428	 -0.0483	  1.5957	  0.0000
  0.0004	  0.0015	 -1.6408	 -0.8147	  1.5519	  0.0000
  0.0005	  0.0015	 -1.2616	 -0.7695	  2.8493	  0.0000
  0.0006	  0.0015	 -0.9636	 -0.5414	  1.3771	  0.0000
  0.0007	  0.0015	 -0.9618	 -0.4414	  1.6002	  0.0000
  0.0008	  0.0015	 -1.1297	 -0.5598	  1.8225	  0.0000
  0.0009	  0.0015	 -1.1819	 -0.1926	  1.7920	  0.0000
  0.0010	  0.0015	 -1.2703	 -0.0740	  2.4437	  0.0000
  0.0011	  0.0015	 -0.8777	 -0.1136	  1.6989	  0.0000
  0.0012	  0.0015	 -1.0460	 -0.0977	  0.0000	  1.0000
  0.0013	  0.0015	 -0.5127	 -0.1217	  1.2399	  0.0000
  0.0014	  0.0015	 -0.8726	 -0.1175	  1.1521	  1.0000
  0.0015	  0.0015	 -0.4553	 -0.4395	  1.7695	  0.0000
  0.0016	  0.0015	 -0.5799	 -0.3958	  1.4086	  0.0000
  0.0017	  0.0015	 -0.5708	 -0.2590	  1.5173	  0.0000
  0.0018	  0.0015	 -0.8330	 -0.3023	  1.0480	  1.0000
  0.0019	  0.0015	 -0.6402	 -0.5777	  2.3201	  0.0000
  0.0020	  0.0015	 -0.7576	 -0.3594	  1.9789	  0.0000
  0.0021	  0.0015	 -1.0376	 -0.0315	  1.2165	  0.0000
  0.0022	  0.0015	 -1.3459	  0.0190	  1.0060	  1.0000
  0.0023	  0.0015	 -1.4669	  0.1611	  1.0164	  1.0000
  0.0024	  0.0015	 -3.2005	  0.9080	  1.3829	  0.0000
  0.0025	  0.0015	 -2.6160	  0.6743	  1.2824	  0.0000
  0.0026	  0.0015	 -2.1583	  0.5661	  1.7882	  0.0000
  0.0027	  0.0015	 -1.5699	  0.4447	  1.1054	  1.0000
  0.0028	  0.0015	 -1.3393	 -0.6328	  1.5447	  0.0000
  0.0029	  0.0015	 -1.4134	  0.2865	  0.0000	  1.0000
  0.0030	  0.0015	 -1.9283	  0.3302	  1.5484	  0.0000
  0.0031	  0.0015	 -1.7929	 -0.1382	  1.3404	  0.0000
  0.0032	  0.0015	 -1.2106	  0.0859	  1.0053	  1.0000
  0.0033	  0.0015	 -0.8424	 -0.6154	  1.2851	  0.0000
  0.0034	  0.0015	 -1.2210	 -0.0629	  1.2684	  0.0000
  0.0035	  0.0015	 -1.2702	 -0.0257	  1.7710	  0.0000
  0.0036	  0.0015	 -0.9389	  0.0729	  0.0000	  1.0000
  0.0037	  0.0015	 -0.8589	  0.0778	  1.0373	  1.0000
  0.0038	  0.0015	 -0.7705	  0.0888	  1.1575	  1.0000
  0.0039	  0.0015	 -0.7062	 -0.6032	  1.6433	  0.0000
  0.0040	  0.0015	 -0.7756	 -0.1871	  1.4268	  0.0000
  0.0001	  0.0016	 -1.9562	 -0.0052	  1.4734	  0.0000
  0.0002	  0.0016	 -1.9073	 -0.1028	  1.9800	  0.0000
  0.0003	  0.0016	 -1.5619	 -0.1368	  1.1460	  1.0000
  0.0004	  0.0016	 -1.8561	 -0.0361	  1.8377	  0.0000
  0.0005	  0.0016	 -1.2419	 -0.3575	  1.5590	  0.0000
  0.0006	  0.0016	 -1.2357	 -0.2095	  1.9003	  0.0000
  0.0007	  0.0016	 -0.9590	 -0.3630	  1.3321	  0.0000
  0.0008	  0.0016	 -1.2504	 -0.5140	  1.7156	  0.0000
  0.0009	  0.0016	 -1.3331	 -0.1967	  2.0834	  0.0000
  0.0010	  0.0016	 -1.3865	  0.0683	  2.9205	  0.0000
  0.0011	  0.0016	 -1.5804	  0.6064	  1.2201	  0.0000
  0.0012	  0.0016	 -1.3387	  1.3047	  1.3272	  0.0000
  0.0013	  0.0016	 -0.6769	  0.1029	  1.7243	  0.0000
  0.0014	  0.0016	 -0.5876	 -0.0478	  2.2204	  0.0000
  0.0015	  0.0016	 -0.7081	 -0.1669	  1.9011	  0.0000
  0.0016	  0.0016	 -0.7413	 -0.4780	  1.5716	  0.0000
  0.0017	  0.0016	 -0.7142	 -0.5715	  1.5977	  0.0000
  0.0018	  0.0016	 -1.1348	 -0.3101	  0.0000	  1.0000
  0.0019	  0.0016	 -0.7490	 -0.6869	  2.6627	  0.0000
  0.0020	  0.0016	 -0.9731	 -0.6575	  1.5545	  0.0000
  0.0021	  0.0016	 -1.5536	 -0.1439	  0.0000	  1.0000
  0.0022	  0.0016	 -1.9589	 -0.4237	  1.4313	  0.0000
  0.0023	  0.0016	 -2.6253	  0.1567	  1.3587	  0.0000
  0.0024	  0.0016	 -3.3469	  1.2534	  1.6386	  0.0000
  0.0025	  0.0016	 -2.7579	  1.2166	  1.4873	  0.0000
  0.0026	  0.0016	 -2.6029	  1.1860	  1.6011	  0.0000
  0.0027	  0.0016	 -2.0842	  0.5227	  1.7521	  0.0000
  0.0028	  0.0016	 -1.8179	  0.3353	  1.0247	  1.0000
  0.0029	  0.0016	 -1.7214	  0.2478	  1.0407	  1.0000
  0.0030	  0.0016	 -1.6532	  0.1394	  1.0219	  1.0000
  0.0031	  0.0016	 -1.6261	  0.0840	  1.1833	  1.0000
  0.0032	  0.0016	 -1.2620	  0.1357	  1.1479	  1.0000
  0.0033	  0.0016	 -1.2312	  0.1519	  1.0350	  1.0000
  0.0034	  0.0016	 -2.4774	  0.5580	  1.2472	  0.0000
  0.0035	  0.0016	 -0.9523	  0.2705	  1.1588	  1.0000
  0.0036	  0.0016	 -0.9406	  0.2606	  1.1765	  1.0000
  0.0037	  0.0016	 -2.0723	  1.8984	  1.2414	  0.0000
  0.0038	  0.0016	 -1.9116	 -0.7286	  1.4662	  0.0000
  0.0039	  0.0016	 -1.0434	  0.1698	  0.0000	  1.0000
  0.0040	  0.0016	 -0.9912	  0.0760	  1.0375	  1.0000
  0.0001	  0.0017	 -2.0171	 -0.0992	  2.2062	  0.0000
  0.0002	  0.0017	 -2.0602	  0.0215	  1.9310	  0.0000
  0.0003	  0.0017	 -2.1257	  0.5072	  1.6067	  0.0000
  0.0004	  0.0017	 -1.9304	  0.1306	  1.6376	  0.0000
  0.0005	  0.0017	 -1.7959	 -0.0099	  2.0475	  0.0000
  0.0006	  0.0017	 -1.3920	 -0.0954	  2.3408	  0.0000
  0.0007	  0.0017	 -1.3592	 -0.4569	  1.6257	  0.0000
  0.0008	  0.0017	 -1.3413	 -0.5171	  2.4548	  0.0000
  0.0009	  0.0017	 -1.3044	 -0.4441	  1.5033	  0.0000
  0.0010	  0.0017	 -1.7095	 -0.1146	  1.0396	  1.0000
  0.0011	  0.0017	 -2.5064	  1.0444	  1.3523	  0.0000
  0.0012	  0.0017	 -1.6112	  0.0263	  1.0460	  1.0000
  0.0013	  0.0017	 -0.9375	 -0.0553	  1.2080	  0.0000
  0.0014	  0.0017	 -0.8171	 -0.0438	  2.3201	  0.0000
  0.0015	  0.0017	 -0.8923	 -0.0660	  1.4645	  0.0000
  0.0016	  0.0017	 -1.3526	 -0.3341	  1.7576	  0.0000
  0.0017	  0.0017	 -0.8570	 -0.6742	  1.5534	  0.0000
  0.0018	  0.0017	 -0.6402	 -0.8053	  2.4822	  0.0000
  0.0019	  0.0017	 -0.9073	 -0.7948	  1.9448	  0.0000
  0.0020	  0.0017	 -1.3339	 -0.5590	  1.9712	  0.0000
  0.0021	  0.0017	 -1.6783	 -0.5905	  1.5893	  0.0000
  0.0022	  0.0017	 -1.8910	 -0.4603	  1.6399	  0.0000
  0.0023	  0.0017	 -2.0835	  0.0121	  1.3739	  0.0000
  0.0024	  0.0017	 -2.6433	  0.6023	  1.3395	  0.0000
  0.0025	  0.0017	 -2.6237	  1.2214	  1.2526	  0.0000
  0.0026	  0.0017	 -2.7980	  1.1788	  1.4368	  0.0000
  0.0027	  0.0017	 -2.7634	  0.6451	  1.8099	  0.0000
  0.0028	  0.0017	 -2.6588	  0.6010	  1.3731	  0.0000
  0.0029	  0.0017	 -2.6519	 -0.0362	  1.5723	  0.0000
  0.0030	  0.0017	 -1.9515	 -0.0393	  1.0938	  1.0000
  0.0031	  0.0017	 -1.9241	 -0.0719	  1.1114	  1.0000
  0.0032	  0.0017	 -1.5667	  0.0085	  1.0684	  1.0000
  0.0033	  0.0017	 -1.5229	  0.1010	  1.1094	  1.0000
  0.0034	  0.0017	 -1.4002	  0.2372	  1.1169	  1.0000
  0.0035	  0.0017	 -1.2277	  0.3355	  1.1030	  1.0000
  0.0036	  0.0017	 -3.2492	  2.1114	  1.4034	  0.0000
  0.0037	  0.0017	 -1.1999	  0.3310	  1.0393	  1.0000
  0.0038	  0.0017	 -1.0708	  0.3433	  1.1698	  1.0000
  0.0039	  0.0017	 -1.8513	 -0.7557	  1.2229	  0.0000
  0.0040	  0.0017	 -1.3060	  0.1800	  0.0000	  1.0000
  0.0001	  0.0018	 -2.4489	 -0.1608	  1.4535	  0.0000
  0.0002	  0.0018	 -2.5699	 -0.1388	  1.5346	  0.0000
  0.0003	  0.0018	 -2.0284	  0.1615	  1.8138	  0.0000
  0.0004	  0.0018	 -2.2042	  0.1051	  1.5823	  0.0000
  0.0005	  0.0018	 -2.0861	  0.0812	  2.0672	  0.0000
  0.0006	  0.0018	 -1.9915	 -0.0767	  1.9049	  0.0000
  0.0007	  0.0018	 -1.4305	 -0.6097	  1.8284	  0.0000
  0.0008	  0.0018	 -1.9798	 -0.2138	  1.3601	  0.0000
  0.0009	  0.0018	 -2.1050	 -0.4027	  1.2100	  0.0000
  0.0010	  0.0018	 -2.6122	 -0.3329	  1.7117	  0.0000
  0.0011	  0.0018	 -2.7630	  0.6987	  1.6770	  0.0000
  0.0012	  0.0018	 -3.1659	  1.2924	  1.8206	  0.0000
  0.0013	  0.0018	 -2.8566	  0.6124	  1.2338	  0.0000
  0.0014	  0.0018	 -1.6827	  0.2655	  1.0543	  1.0000
  0.0015	  0.0018	 -2.0618	 -0.6472	  1.5319	  0.0000
  0.0016	  0.0018	 -1.5716	 -0.3389	  1.3806	  0.0000
  0.0017	  0.0018	 -1.5947	 -0.1367	  1.4623	  0.0000
  0.0018	  0.0018	 -2.5410	  0.1265	  1.4427	  0.0000
  0.0019	  0.0018	 -1.7734	 -0.5818	  1.2622	  0.0000
  0.0020	  0.0018	 -1.8797	 -0.3503	  1.1927	  1.0000
  0.0021	  0.0018	 -2.0786	 -0.7034	  1.6969	  0.0000
  0.0022	  0.0018	 -2.6210	 -0.5593	  1.2415	  0.0000
  0.0023	  0.0018	 -2.5102	  0.0517	  1.2688	  0.0000
  0.0024	  0.0018	 -2.0489	  0.0462	  1.4096	  0.0000
  0.0025	  0.0018	 -1.7798	  0.2919	  1.3657	  0.0000
  0.0026	  0.0018	 -1.9023	  0.4616	  1.4996	  0.0000
  0.0027	  0.0018	 -2.5296	  0.1200	  1.1546	  1.0000
  0.0028	  0.0018	 -2.3830	  0.0629	  1.0255	  1.0000
  0.0029	  0.0018	 -2.3062	 -0.0501	  1.0847	  1.0000
  0.0030	  0.0018	 -2.2392	 -0.1191	  1.0386	  1.0000
  0.0031	  0.0018	 -2.2104	 -0.1243	  1.1382	  1.0000
  0.0032	  0.0018	 -1.8518	 -0.0212	  1.0191	  1.0000
  0.0033	  0.0018	 -3.9614	  0.6699	  1.6275	  0.0000
  0.0034	  0.0018	 -3.9127	  0.6185	  1.4311	  0.0000
  0.0035	  0.0018	 -1.4523	  0.3947	  0.0000	  1.0000
  0.0036	  0.0018	 -1.4610	  0.4459	  1.0005	  1.0000
  0.0037	  0.0018	 -1.4536	  0.4312	  1.1021	  1.0000
  0.0038	  0.0018	 -1.3286	  0.4482	  1.1607	  1.0000
  0.0039	  0.0018	 -1.6422	  0.3744	  1.0964	  1.0000
  0.0040	  0.0018	 -1.6004	  0.2985	  1.0675	  1.0000
  0.0001	  0.0019	 -2.1176	 -0.2494	  1.4569	  0.0000
  0.0002	  0.0019	 -2.2485	  0.0395	  1.4117	  0.0000
  0.0003	  0.0019	 -2.1050	 -0.1946	  1.7965	  0.0000
  0.0004	  0.0019	 -2.4076	 -0.2186	  1.6566	  0.0000
  0.0005	  0.0019	 -2.1805	  0.1068	  1.6623	  0.0000
  0.0006	  0.0019	 -2.2507	 -0.1837	  1.0328	  1.0000
  0.0007	  0.0019	 -2.4567	 -0.6582	  1.2659	  0.0000
  0.0008	  0.0019	 -2.1340	 -0.2376	  1.8283	  0.0000
  0.0009	  0.0019	 -2.4028	 -0.4247	  1.4168	  0.0000
  0.0010	  0.0019	 -2.6760	 -0.6378	  1.7916	  0.0000
  0.0011	  0.0019	 -2.0581	  0.2259	  0.0000	  1.0000
  0.0012	  0.0019	 -3.7280	  0.6643	  1.6493	  0.0000
  0.0013	  0.0019	 -1.9015	  0.3642	  1.0841	  1.0000
  0.0014	  0.0019	 -1.8523	  0.3971	  0.0000	  1.0000
  0.0015	  0.0019	 -1.8093	  0.2671	  1.0112	  1.0000
  0.0016	  0.0019	 -2.9026	  0.5974	  1.5666	  0.0000
  0.0017	  0.0019	 -2.7689	  0.5404	  1.4845	  0.0000
  0.0018	  0.0019	 -1.9490	 -0.1867	  0.0000	  1.0000
  0.0019	  0.0019	 -2.5825	 -0.6759	  1.3810	  0.0000
  0.0020	  0.0019	 -2.7598	 -0.9600	  1.4218	  0.0000
  0.0021	  0.0019	 -2.3086	 -0.3788	  1.1635	  1.0000
  0.0022	  0.0019	 -2.7767	 -0.6384	  1.5826	  0.0000
  0.0023	  0.0019	 -2.7154	  0.0094	  1.9970	  0.0000
  0.0024	  0.0019	 -2.4760	 -0.0272	  1.6417	  0.0000
  0.0025	  0.0019	 -2.5843	  0.0833	  1.0691	  1.0000
  0.0026	  0.0019	 -2.0405	  0.6717	  1.2056	  0.0000
  0.0027	  0.0019	 -1.9085	  0.9151	  1.4269	  0.0000
  0.0028	  0.0019	 -2.5707	 -0.0171	  1.0620	  1.0000
  0.0029	  0.0019	 -1.8376	 -1.3945	  1.2850	  0.0000
  0.0030	  0.0019	 -2.5172	 -0.1713	  1.1165	  1.0000
  0.0031	  0.0019	 -2.4763	 -0.1525	  1.0367	  1.0000
  0.0032	  0.0019	 -2.6695	 -0.4395	  1.6775	  0.0000
  0.0033	  0.0019	 -1.9846	  0.1158	  1.1424	  1.0000
  0.0034	  0.0019	 -1.8264	  0.3173	  1.0789	  1.0000
  0.0035	  0.0019	 10.8676	  3.9334	  1.2091	  0.0000
  0.0036	  0.0019	 -1.6391	  0.5540	  1.0462	  1.0000
  0.0037	  0.0019	 -1.6222	  0.5481	  1.0498	  1.0000
  0.0038	  0.0019	 -1.5071	  0.5779	  1.1157	  1.0000
  0.0039	  0.0019	 -1.8394	  0.5159	  1.0587	  1.0000
  0.0040	  0.0019	 -3.2217	 -0.5432	  1.4933	  0.0000
  0.0001	  0.0020	 -1.2926	 -0.6146	  1.9749	  0.0000
  0.0002	  0.0020	 -2.2202	 -0.3056	  1.1638	  1.0000
  0.0003	  0.0020	 -2.3313	 -0.7639	  1.5937	  0.0000
  0.0004	  0.0020	 -2.3044	 -0.2460	  0.0000	  1.0000
  0.0005	  0.0020	 -2.3977	 -0.1955	  1.0312	  1.0000
  0.0006	  0.0020	 -3.3644	 -0.0597	  1.7277	  0.0000
  0.0007	  0.0020	 -2.4434	 -0.1405	  1.0333	  1.0000
  0.0008	  0.0020	 -3.2640	 -0.6612	  1.2067	  0.0000
  0.0009	  0.0020	 -2.9991	 -0.7402	  1.2837	  0.0000
  0.0010	  0.0020	 -2.4802	 -0.7470	  2.1150	  0.0000
  0.0011	  0.0020	 -2.2930	  0.1032	  1.3087	  0.0000
  0.0012	  0.0020	 -2.0997	  0.3798	  0.0000	  1.0000
  0.0013	  0.0020	 -2.0473	  0.4669	  1.0900	  1.0000
  0.0014	  0.0020	 -2.9069	  0.8830	  1.4796	  0.0000
  0.0015	  0.0020	 -2.9033	  0.8257	  1.5758	  0.0000
  0.0016	  0.0020	 -2.3362	  1.2406	  1.4245	  0.0000
  0.0017	  0.0020	 -2.6098	  1.1148	  1.4255	  0.0000
  0.0018	  0.0020	 -2.4449	 -0.6325	  1.6964	  0.0000
  0.0019	  0.0020	 -2.7850	 -1.2082	  1.4276	  0.0000
  0.0020	  0.0020	 -2.6905	 -1.2069	  1.7031	  0.0000
  0.0021	  0.0020	 -2.5158	 -1.2288	  1.2002	  0.0000
  0.0022	  0.0020	 -2.0610	 -0.1426	  1.6312	  0.0000
  0.0023	  0.0020	 -2.0754	 -0.3537	  1.2387	  0.0000
  0.0024	  0.0020	 -2.3944	 -0.4906	  1.3671	  0.0000
  0.0025	  0.0020	 -2.6584	 -0.0171	  1.1192	  1.0000
  0.0026	  0.0020	 -2.7293	 -0.0523	  1.0612	  1.0000
  0.0027	  0.0020	 -2.7938	 -0.1099	  1.0184	  1.0000
  0.0028	  0.0020	 -2.7392	 -0.1339	  1.0619	  1.0000
  0.0029	  0.0020	 -2.7345	 -0.2274	  1.1716	  1.0000
  0.0030	  0.0020	 -2.4079	 -1.9581	  1.2981	  0.0000
  0.0031	  0.0020	 -2.5834	 -1.5373	  1.4758	  0.0000
  0.0032	  0.0020	 -2.8367	 -0.8368	  1.3315	  0.0000
  0.0033	  0.0020	 -2.2172	  0.0786	  1.0224	  1.0000
  0.0034	  0.0020	 -2.0314	  0.2647	  1.1017	  1.0000
  0.0035	  0.0020	 -1.7874	  0.4567	  1.0594	  1.0000
  0.0036	  0.0020	 -3.2988	  0.2898	  1.2453	  0.0000
  0.0037	  0.0020	 -1.7501	  0.6076	  1.1708	  1.0000
  0.0038	  0.0020	 -1.6568	  0.6547	  1.0882	  1.0000
  0.0039	  0.0020	 -1.9771	  0.6011	  1.0293	  1.0000
  0.0040	  0.0020	 -1.9646	  0.5289	  1.1525	  1.0000
  0.0001	  0.0021	 -1.5088	 -0.7147	  1.8772	  0.0000
  0.0002	  0.0021	 -1.9233	 -0.4771	  1.5737	  0.0000
  0.0003	  0.0021	 -1.8751	 -0.9425	  1.8736	  0.0000
  0.0004	  0.0021	 -2.0852	 -0.7322	  1.6683	  0.0000
  0.0005	  0.0021	 -3.2763	 -0.0079	  1.2940	  0.0000
  0.0006	  0.0021	 -3.4571	  0.1309	  2.2772	  0.0000
  0.0007	  0.0021	 -3.2759	  0.2549	  2.1318	  0.0000
  0.0008	  0.0021	 -3.2375	  0.1339	  1.5731	  0.0000
  0.0009	  0.0021	 -2.4369	  0.2017	  0.0000	  1.0000
  0.0010	  0.0021	 -2.3151	  0.3231	  1.0243	  1.0000
  0.0011	  0.0021	 -1.3314	  0.4571	  1.4276	  0.0000
  0.0012	  0.0021	 -1.5060	  0.4095	  1.5574	  0.0000
  0.0013	  0.0021	 -1.4879	  0.6337	  2.0041	  0.0000
  0.0014	  0.0021	 -1.6306	  0.6325	  1.7116	  0.0000
  0.0015	  0.0021	 -2.0264	  0.6682	  1.9255	  0.0000
  0.0016	  0.0021	 -2.0403	  0.9763	  1.2415	  0.0000
  0.0017	  0.0021	 -2.2495	  0.1880	  1.1935	  1.0000
  0.0018	  0.0021	 -2.3599	  0.0061	  1.1176	  1.0000
  0.0019	  0.0021	 -2.4069	 -0.0843	  1.1050	  1.0000
  0.0020	  0.0021	 -2.4490	 -0.2066	  1.1034	  1.0000
  0.0021	  0.0021	 -2.5521	 -0.6958	  1.2599	  0.0000
  0.0022	  0.0021	 -2.0953	 -0.1238	  1.6819	  0.0000
  0.0023	  0.0021	 -2.0866	 -0.1984	  1.5956	  0.0000
  0.0024	  0.0021	 -8.0351	 -2.7159	  1.3040	  0.0000
  0.0025	  0.0021	 -2.7039	 -0.1438	  1.0724	  1.0000
  0.0026	  0.0021	 -2.7633	 -0.2020	  1.0935	  1.0000
  0.0027	  0.0021	 -2.8492	 -0.2676	  1.0242	  1.0000
  0.0028	  0.0021	 -2.8185	 -0.2644	  1.0806	  1.0000
  0.0029	  0.0021	 -2.8842	 -0.3359	  1.1495	  1.0000
  0.0030	  0.0021	 -2.9620	 -0.3317	  1.0266	  1.0000
  0.0031	  0.0021	 -2.8993	 -0.2750	  1.1143	  1.0000
  0.0032	  0.0021	 -3.5767	 -0.9153	  1.5726	  0.0000
  0.0033	  0.0021	 -2.3402	  0.0423	  1.0305	  1.0000
  0.0034	  0.0021	 -2.1492	  0.2453	  1.0442	  1.0000
  0.0035	  0.0021	 -1.9054	  0.4460	  1.0074	  1.0000
  0.0036	  0.0021	 -1.8241	  0.6034	  1.0689	  1.0000
  0.0037	  0.0021	 -1.8071	  0.6551	  0.0000	  1.0000
  0.0038	  0.0021	 -1.7075	  0.7057	  1.1317	  1.0000
  0.0039	  0.0021	 -2.0201	  0.6557	  1.1537	  1.0000
  0.0040	  0.0021	 -2.0848	  0.6469	  1.1197	  1.0000
  0.0001	  0.0022	 -1.5636	 -0.7690	  2.7385	  0.0000
  0.0002	  0.0022	 -2.0861	 -0.7016	  2.1360	  0.0000
  0.0003	  0.0022	 -2.6248	 -0.1624	  2.4117	  0.0000
  0.0004	  0.0022	 -2.6167	 -0.6001	  2.2528	  0.0000
  0.0005	  0.0022	 -2.7720	 -0.5912	  1.5902	  0.0000
  0.0006	  0.0022	 -3.1320	  0.3033	  1.7594	  0.0000
  0.0007	  0.0022	 -3.2708	  0.2963	  1.7951	  0.0000
  0.0008	  0.0022	 -3.3543	  0.3533	  1.5540	  0.0000
  0.0009	  0.0022	 -3.1903	  0.7346	  1.2480	  0.0000
  0.0010	  0.0022	 -2.6155	  0.9224	  1.2881	  0.0000
  0.0011	  0.0022	 -2.6714	  1.4195	  1.3899	  0.0000
  0.0012	  0.0022	 -1.5253	  0.2357	  1.6625	  0.0000
  0.0013	  0.0022	 -1.4917	  0.6783	  2.4179	  0.0000
  0.0014	  0.0022	 -1.5010	  0.7929	  1.7550	  0.0000
  0.0015	  0.0022	 -1.5396	  0.6915	  1.7646	  0.0000
  0.0016	  0.0022	 -1.8866	  0.5495	  2.0537	  0.0000
  0.0017	  0.0022	 -2.5825	  0.5275	  1.3512	  0.0000
  0.0018	  0.0022	 -2.1318	 -0.0169	  1.2705	  0.0000
  0.0019	  0.0022	 -2.7857	  0.5401	  1.6941	  0.0000
  0.0020	  0.0022	 -2.4826	 -0.1531	  1.0690	  1.0000
  0.0021	  0.0022	 -2.7575	 -0.6715	  1.5416	  0.0000
  0.0022	  0.0022	 -2.2236	 -0.0566	  1.6274	  0.0000
  0.0023	  0.0022	 -2.4955	 -0.4321	  1.6353	  0.0000
  0.0024	  0.0022	 -2.6289	 -0.0885	  1.2121	  0.0000
  0.0025	  0.0022	 -2.4143	  0.1341	  1.2829	  0.0000
  0.0026	  0.0022	 -2.7925	 -0.2182	  1.1389	  1.0000
  0.0027	  0.0022	 -2.8788	 -0.3049	  1.0356	  1.0000
  0.0028	  0.0022	 -2.8458	 -0.3047	  1.0288	  1.0000
  0.0029	  0.0022	 -4.2367	 -0.4785	  1.2444	  0.0000
  0.0030	  0.0022	 -2.9539	 -0.3408	  1.1447	  1.0000
  0.0031	  0.0022	 -2.8496	 -0.2706	  1.0173	  1.0000
  0.0032	  0.0022	 -2.4449	 -0.1129	  1.0309	  1.0000
  0.0033	  0.0022	 -4.5984	 -0.1372	  1.4089	  0.0000
  0.0034	  0.0022	 -2.0782	  0.2880	  0.0000	  1.0000
  0.0035	  0.0022	 -1.8470	  0.4958	  1.1373	  1.0000
  0.0036	  0.0022	 -1.7401	  0.6562	  1.0272	  1.0000
  0.0037	  0.0022	 -1.7697	  0.7082	  1.0292	  1.0000
  0.0038	  0.0022	 -1.7201	  0.7710	  1.1030	  1.0000
  0.0039	  0.0022	 -2.0403	  0.7307	  1.0668	  1.0000
  0.0040	  0.0022	 -4.0691	  0.7240	  1.2585	  0.0000
  0.0001	  0.0023	 -2.1305	 -0.8127	  2.6555	  0.0000
  0.0002	  0.0023	 -2.2922	 -0.5402	  1.5411	  0.0000
  0.0003	  0.0023	 -2.5510	 -0.1796	  2.1003	  0.0000
  0.0004	  0.0023	 -2.7483	 -0.5658	  2.5218	  0.0000
  0.0005	  0.0023	 -2.7847	 -0.8427	  1.4572	  0.0000
  0.0006	  0.0023	 -2.6927	 -0.1688	  1.9855	  0.0000
  0.0007	  0.0023	 -2.6448	  0.1583	  1.6900	  0.0000
  0.0008	  0.0023	 -2.3222	  0.1965	  1.1764	  1.0000
  0.0009	  0.0023	 -2.2059	  0.3310	  0.0000	  1.0000
  0.0010	  0.0023	 -2.0575	  0.4673	  1.0137	  1.0000
  0.0011	  0.0023	 -2.3368	  1.2631	  1.3997	  0.0000
  0.0012	  0.0023	 -1.9336	  0.7259	  1.1236	  1.0000
  0.0013	  0.0023	 -1.5359	  1.2082	  1.5016	  0.0000
  0.0014	  0.0023	 -1.8875	  1.1587	  1.5234	  0.0000
  0.0015	  0.0023	 -2.3084	  0.7588	  2.3762	  0.0000
  0.0016	  0.0023	 -2.1168	  0.7744	  2.4615	  0.0000
  0.0017	  0.0023	 -2.0417	  1.1647	  1.4281	  0.0000
  0.0018	  0.0023	 -2.1809	  0.0670	  1.5483	  0.0000
  0.0019	  0.0023	 -2.3732	  0.0481	  1.1239	  1.0000
  0.0020	  0.0023	 -2.8001	 -0.6747	  1.5559	  0.0000
  0.0021	  0.0023	 -3.2786	 -0.1528	  1.6633	  0.0000
  0.0022	  0.0023	 -2.8348	  0.6111	  1.3014	  0.0000
  0.0023	  0.0023	 -2.5871	 -0.4715	  1.5514	  0.0000
  0.0024	  0.0023	 -2.6369	 -0.1773	  1.3098	  0.0000
  0.0025	  0.0023	 -2.6461	 -0.1840	  1.0734	  1.0000
  0.0026	  0.0023	 -2.7412	 -0.2411	  1.0518	  1.0000
  0.0027	  0.0023	 -2.8294	 -0.3310	  1.0304	  1.0000
  0.0028	  0.0023	 -4.0548	  0.0054	  1.3386	  0.0000
  0.0029	  0.0023	 -2.8422	 -0.3712	  1.0642	  1.0000
  0.0030	  0.0023	 -2.8643	 -0.3342	  1.1568	  1.0000
  0.0031	  0.0023	 -2.7420	 -0.2344	  1.0211	  1.0000
  0.0032	  0.0023	 -2.5901	 -0.1237	  1.0104	  1.0000
  0.0033	  0.0023	 -4.2424	 -0.6081	  1.2885	  0.0000
  0.0034	  0.0023	 -2.1992	  0.2778	  1.1646	  1.0000
  0.0035	  0.0023	 -1.9888	  0.4796	  1.0286	  1.0000
  0.0036	  0.0023	 -1.8451	  0.6233	  1.0029	  1.0000
  0.0037	  0.0023	 -2.4513	  0.5662	  1.2347	  0.0000
  0.0038	  0.0023	 -1.8214	  0.7552	  1.0068	  1.0000
  0.0039	  0.0023	 -1.8273	  0.7992	  1.1045	  1.0000
  0.0040	  0.0023	 -3.3270	  1.2879	  1.4350	  0.0000
  0.0001	  0.0024	 -2.2289	 -0.7779	  1.8715	  0.0000
  0.0002	  0.0024	 -2.2186	 -0.4711	  1.0699	  1.0000
  0.0003	  0.0024	 -2.6059	 -0.1906	  2.0694	  0.0000
  0.0004	  0.0024	 -2.8077	 -0.7501	  1.5688	  0.0000
  0.0005	  0.0024	 -2.6737	 -0.8234	  2.5965	  0.0000
  0.0006	  0.0024	 -2.5684	 -0.4005	  1.6416	  0.0000
  0.0007	  0.0024	 -2.2327	  0.2176	  1.7250	  0.0000
  0.0008	  0.0024	 -1.8408	  0.4718	  1.4135	  0.0000
  0.0009	  0.0024	 -1.3317	  0.8584	  1.6573	  0.0000
  0.0010	  0.0024	 -1.4410	  0.8895	  1.3559	  0.0000
  0.0011	  0.0024	 -1.8011	  0.6521	  0.0000	  1.0000
  0.0012	  0.0024	 -1.7601	  0.7565	  0.0000	  1.0000
  0.0013	  0.0024	 -2.1320	  1.4509	  1.7297	  0.0000
  0.0014	  0.0024	 -1.7880	  0.8081	  1.1076	  1.0000
  0.0015	  0.0024	 -2.2201	  0.7288	  1.5239	  0.0000
  0.0016	  0.0024	 -2.0749	  0.6845	  1.2270	  0.0000
  0.0017	  0.0024	 -2.0906	  1.2985	  2.0006	  0.0000
  0.0018	  0.0024	 -2.4710	  0.1402	  1.4192	  0.0000
  0.0019	  0.0024	 -2.3686	 -1.4373	  1.3907	  0.0000
  0.0020	  0.0024	 -2.8784	 -0.8147	  1.4196	  0.0000
  0.0021	  0.0024	 -3.0955	  0.0028	  1.3050	  0.0000
  0.0022	  0.0024	 -2.4973	 -0.2046	  1.0781	  1.0000
  0.0023	  0.0024	 -2.5211	 -0.1660	  1.1607	  1.0000
  0.0024	  0.0024	 -2.4804	 -0.4260	  1.1781	  1.0000
  0.0025	  0.0024	 -2.4955	 -0.4345	  1.0651	  1.0000
  0.0026	  0.0024	 -2.5716	 -0.5021	  1.0307	  1.0000
  0.0027	  0.0024	 -3.4330	 -0.5525	  1.6049	  0.0000
  0.0028	  0.0024	 -3.6798	  0.0567	  1.2578	  0.0000
  0.0029	  0.0024	 -2.6431	 -0.5488	  0.0000	  1.0000
  0.0030	  0.0024	 -3.5038	 -0.7604	  1.2238	  0.0000
  0.0031	  0.0024	 -2.6040	 -0.1816	  1.0309	  1.0000
  0.0032	  0.0024	 -4.5868	 -0.7445	  1.2151	  0.0000
  0.0033	  0.0024	 -2.2077	  0.1217	  1.1524	  1.0000
  0.0034	  0.0024	 -2.0166	  0.3359	  1.0145	  1.0000
  0.0035	  0.0024	 -1.8023	  0.5045	  1.0164	  1.0000
  0.0036	  0.0024	 -1.6188	  0.6350	  1.0273	  1.0000
  0.0037	  0.0024	 -2.1067	  0.6037	  1.2237	  0.0000
  0.0038	  0.0024	 -1.5290	  0.9858	  1.2864	  0.0000
  0.0039	  0.0024	 -1.5335	  0.8279	  1.1925	  1.0000
  0.0040	  0.0024	 -2.7183	  0.5876	  1.5366	  0.0000
  0.0001	  0.0025	 -1.9877	 -0.4568	  1.9457	  0.0000
  0.0002	  0.0025	 -1.8539	 -0.1967	  1.4166	  0.0000
  0.0003	  0.0025	 -2.2176	 -0.3442	  1.0519	  1.0000
  0.0004	  0.0025	 -2.0171	 -0.6193	  1.5690	  0.0000
  0.0005	  0.0025	 -2.1390	 -0.1041	  1.6127	  0.0000
  0.0006	  0.0025	 -2.0073	  0.2515	  1.5406	  0.0000
  0.0007	  0.0025	 -1.4534	  0.1670	  1.2975	  0.0000
  0.0008	  0.0025	 -1.3884	  0.3732	  1.4651	  0.0000
  0.0009	  0.0025	 -1.3185	  0.6939	  1.9167	  0.0000
  0.0010	  0.0025	 -1.5557	  0.6025	  1.6681	  0.0000
  0.0011	  0.0025	 -1.7343	  0.6347	  1.7165	  0.0000
  0.0012	  0.0025	 -1.9304	  0.7510	  1.4018	  0.0000
  0.0013	  0.0025	 -1.6439	  1.5202	  1.2038	  0.0000
  0.0014	  0.0025	 -1.7031	  2.0726	  1.9005	  0.0000
  0.0015	  0.0025	 -1.9573	  1.9158	  1.7513	  0.0000
  0.0016	  0.0025	 -1.9821	  0.8049	  1.8156	  0.0000
  0.0017	  0.0025	 -1.9362	  0.3884	  1.0673	  1.0000
  0.0018	  0.0025	 -2.0835	  0.2154	  1.0116	  1.0000
  0.0019	  0.0025	 -2.5411	 -1.0811	  1.2809	  0.0000
  0.0020	  0.0025	 -2.5283	  0.0122	  1.2019	  0.0000
  0.0021	  0.0025	 -2.2910	 -0.1714	  0.0000	  1.0000
  0.0022	  0.0025	 -2.4503	  0.2685	  1.2402	  0.0000
  0.0023	  0.0025	 -2.6248	  0.6688	  1.4721	  0.0000
  0.0024	  0.0025	 -2.1844	  0.5324	  1.4458	  0.0000
  0.0025	  0.0025	 -2.2875	  0.5702	  1.4607	  0.0000
  0.0026	  0.0025	 -2.3284	 -0.4624	  1.0944	  1.0000
  0.0027	  0.0025	 -2.3320	 -0.5053	  1.0332	  1.0000
  0.0028	  0.0025	 -2.3362	 -0.4827	  1.0188	  1.0000
  0.0029	  0.0025	 -2.9570	  0.4082	  1.2701	  0.0000
  0.0030	  0.0025	 -2.3423	 -0.4776	  1.1697	  1.0000
  0.0031	  0.0025	 -2.2676	 -0.1287	  1.0171	  1.0000
  0.0032	  0.0025	 -2.0965	 -0.0037	  0.0000	  1.0000
  0.0033	  0.0025	 -2.6187	  1.3187	  1.3420	  0.0000
  0.0034	  0.0025	 -1.7351	  0.3752	  1.0383	  1.0000
  0.0035	  0.0025	 -1.5593	  0.5202	  1.0330	  1.0000
  0.0036	  0.0025	 -1.3816	  0.6266	  1.0381	  1.0000
  0.0037	  0.0025	 -1.1074	  1.3442	  1.6114	  0.0000
  0.0038	  0.0025	 -1.3874	  1.2252	  2.0278	  0.0000
  0.0039	  0.0025	 -1.3934	  0.5324	  1.2904	  0.0000
  0.0040	  0.0025	 -2.6964	  0.5126	  1.2990	  0.0000
  0.0001	  0.0026	 -2.0978	 -0.3600	  1.1393	  1.0000
  0.0002	  0.0026	 -1.9252	 -0.2223	  1.4718	  0.0000
  0.0003	  0.0026	 -1.8571	 -0.2678	  1.3801	  0.0000
  0.0004	  0.0026	 -2.0993	 -0.2303	  0.0000	  1.0000
  0.0005	  0.0026	 -1.9067	 -0.0056	  2.0782	  0.0000
  0.0006	  0.0026	 -1.9850	 -0.0587	  0.0000	  1.0000
  0.0007	  0.0026	 -1.3640	  0.0067	  1.8102	  0.0000
  0.0008	  0.0026	 -1.3138	  0.2484	  1.7160	  0.0000
  0.0009	  0.0026	 -1.3982	  0.2132	  1.8890	  0.0000
  0.0010	  0.0026	 -1.7170	  0.3934	  1.4606	  0.0000
  0.0011	  0.0026	 -1.7824	  0.5325	  1.5319	  0.0000
  0.0012	  0.0026	 -1.5567	  0.6089	  1.0730	  1.0000
  0.0013	  0.0026	 -1.5644	  0.6570	  1.1022	  1.0000
  0.0014	  0.0026	 -1.3790	  1.3761	  1.8922	  0.0000
  0.0015	  0.0026	 -1.6320	  1.3078	  1.6359	  0.0000
  0.0016	  0.0026	 -2.0128	  0.8530	  1.3042	  0.0000
  0.0017	  0.0026	 -1.7676	  0.3393	  0.0000	  1.0000
  0.0018	  0.0026	 -1.9069	  0.1662	  0.0000	  1.0000
  0.0019	  0.0026	 -2.1343	 -0.1467	  1.2512	  0.0000
  0.0020	  0.0026	 -2.1903	  0.1914	  1.8010	  0.0000
  0.0021	  0.0026	 -2.1889	 -0.0466	  1.8457	  0.0000
  0.0022	  0.0026	 -2.1169	  0.1145	  1.6682	  0.0000
  0.0023	  0.0026	 -1.5039	 -0.1242	  1.3661	  0.0000
  0.0024	  0.0026	 -2.0972	 -0.4325	  1.0033	  1.0000
  0.0025	  0.0026	 -2.1031	  0.5413	  2.0368	  0.0000
  0.0026	  0.0026	 -2.0829	  0.7348	  2.3121	  0.0000
  0.0027	  0.0026	 -2.0259	 -0.5078	  1.0022	  1.0000
  0.0028	  0.0026	 -1.9989	 -0.4627	  1.0314	  1.0000
  0.0029	  0.0026	 -2.1374	 -0.2120	  1.2381	  0.0000
  0.0030	  0.0026	 -1.9161	 -0.4437	  1.1218	  1.0000
  0.0031	  0.0026	 -1.8260	 -0.0823	  1.0200	  1.0000
  0.0032	  0.0026	 -2.1955	  0.6833	  1.5516	  0.0000
  0.0033	  0.0026	 -1.4934	  0.1995	  1.1522	  1.0000
  0.0034	  0.0026	 -1.1232	  0.5178	  1.2903	  0.0000
  0.0035	  0.0026	 -0.8410	  0.8765	  1.4881	  0.0000
  0.0036	  0.0026	 -0.5457	  1.2855	  1.9199	  0.0000
  0.0037	  0.0026	 -0.6199	  1.3003	  2.3025	  0.0000
  0.0038	  0.0026	 -0.6769	  1.0152	  2.1727	  0.0000
  0.0039	  0.0026	 -0.5330	  0.7288	  1.2319	  0.0000
  0.0040	  0.0026	 -0.4699	  0.4744	  1.5021	  0.0000
  0.0001	  0.0027	 -2.2216	 -0.7174	  2.0860	  0.0000
  0.0002	  0.0027	 -2.0530	 -0.3782	  1.7349	  0.0000
  0.0003	  0.0027	 -2.0935	 -0.5290	  1.6970	  0.0000
  0.0004	  0.0027	 -2.0750	 -0.5052	  1.6361	  0.0000
  0.0005	  0.0027	 -1.6935	  0.1237	  1.3241	  0.0000
  0.0006	  0.0027	 -1.4916	 -0.0501	  2.6202	  0.0000
  0.0007	  0.0027	 -1.5073	 -0.0654	  1.7611	  0.0000
  0.0008	  0.0027	 -1.4514	 -0.0806	  1.9611	  0.0000
  0.0009	  0.0027	 -1.4051	  0.0902	  2.2902	  0.0000
  0.0010	  0.0027	 -1.3725	  0.3482	  1.4398	  0.0000
  0.0011	  0.0027	 -1.4363	  0.4096	  1.0840	  1.0000
  0.0012	  0.0027	 -1.6704	  0.2216	  1.5977	  0.0000
  0.0013	  0.0027	 -1.1678	  0.2752	  1.7375	  0.0000
  0.0014	  0.0027	 -1.0289	  0.6826	  2.0441	  0.0000
  0.0015	  0.0027	 -1.2333	  0.7413	  1.6401	  0.0000
  0.0016	  0.0027	 -1.4838	  0.3820	  1.0520	  1.0000
  0.0017	  0.0027	 -1.5515	  0.2681	  1.0727	  1.0000
  0.0018	  0.0027	 -1.6739	  0.1115	  1.0501	  1.0000
  0.0019	  0.0027	 -1.7534	 -0.0176	  1.1799	  1.0000
  0.0020	  0.0027	 -1.8135	 -0.1206	  1.1872	  1.0000
  0.0021	  0.0027	 -1.9254	 -0.0080	  1.4459	  0.0000
  0.0022	  0.0027	 -1.7302	  0.0808	  1.3963	  0.0000
  0.0023	  0.0027	 -1.8358	 -0.4185	  1.2498	  0.0000
  0.0024	  0.0027	 -1.9735	 -0.6178	  2.1668	  0.0000
  0.0025	  0.0027	 -2.0366	 -0.2270	  1.6144	  0.0000
  0.0026	  0.0027	 -2.1231	  0.5434	  1.5469	  0.0000
  0.0027	  0.0027	  1.3436	-12.1242	  1.2384	  0.0000
  0.0028	  0.0027	 -1.6477	 -0.4501	  1.0189	  1.0000
  0.0029	  0.0027	 -1.6151	 -0.4427	  1.1062	  1.0000
  0.0030	  0.0027	 -1.4749	 -0.3877	  1.1936	  1.0000
  0.0031	  0.0027	 -1.8996	 -0.1436	  1.5302	  0.0000
  0.0032	  0.0027	 -1.9638	 -0.0800	  1.5496	  0.0000
  0.0033	  0.0027	 -1.4775	  0.0043	  1.2185	  0.0000
  0.0034	  0.0027	 -1.2017	  0.1460	  1.2311	  0.0000
  0.0035	  0.0027	 -0.5546	  0.6542	  1.5436	  0.0000
  0.0036	  0.0027	 -0.4201	  1.0594	  1.3327	  0.0000
  0.0037	  0.0027	 -0.4561	  0.9196	  1.4075	  0.0000
  0.0038	  0.0027	 -0.4542	  0.7246	  2.0324	  0.0000
  0.0039	  0.0027	 -0.2425	  0.6375	  1.5365	  0.0000
  0.0040	  0.0027	 -0.4302	  0.6026	  1.8290	  0.0000
  0.0001	  0.0028	 -1.7268	 -0.2052	  1.2571	  0.0000
  0.0002	  0.0028	 -1.7682	  0.0407	  1.6522	  0.0000
  0.0003	  0.0028	 -2.0870	 -0.4692	  1.4179	  0.0000
  0.0004	  0.0028	 -1.9582	  0.0246	  1.5614	  0.0000
  0.0005	  0.0028	 -2.1527	  0.0105	  2.2268	  0.0000
  0.0006	  0.0028	 -2.6016	 -0.1216	  1.9426	  0.0000
  0.0007	  0.0028	 -2.1913	 -0.2814	  1.5061	  0.0000
  0.0008	  0.0028	 -1.5490	 -0.1376	  1.3633	  0.0000
  0.0009	  0.0028	 -1.2904	  0.0103	  2.8125	  0.0000
  0.0010	  0.0028	 -1.2929	  0.0765	  2.2984	  0.0000
  0.0011	  0.0028	 -1.4478	  0.0692	  2.2599	  0.0000
  0.0012	  0.0028	 -1.5619	  0.0818	  1.7689	  0.0000
  0.0013	  0.0028	 -1.3894	  0.0501	  2.1167	  0.0000
  0.0014	  0.0028	 -0.9916	  0.2486	  1.5764	  0.0000
  0.0015	  0.0028	 -0.7113	  0.4695	  1.8019	  0.0000
  0.0016	  0.0028	 -0.7648	  0.5271	  1.2874	  0.0000
  0.0017	  0.0028	 -1.3045	  0.2353	  0.0000	  1.0000
  0.0018	  0.0028	 -1.3977	  0.0890	  1.0700	  1.0000
  0.0019	  0.0028	 -2.5871	 -0.8293	  1.4325	  0.0000
  0.0020	  0.0028	 -1.5127	 -0.1066	  0.0000	  1.0000
  0.0021	  0.0028	 -1.9054	 -0.1844	  1.3705	  0.0000
  0.0022	  0.0028	 -1.9002	 -0.5100	  1.5030	  0.0000
  0.0023	  0.0028	 -2.0352	 -0.5940	  2.0210	  0.0000
  0.0024	  0.0028	 -2.1319	 -0.6657	  1.9547	  0.0000
  0.0025	  0.0028	 -2.1066	 -0.4340	  1.4576	  0.0000
  0.0026	  0.0028	 -1.9597	 -0.1712	  1.5049	  0.0000
  0.0027	  0.0028	 -1.9078	 -0.1713	  1.2678	  0.0000
  0.0028	  0.0028	 -1.3758	 -0.0631	  1.3755	  0.0000
  0.0029	  0.0028	 -1.2016	 -0.3658	  1.1155	  1.0000
  0.0030	  0.0028	 -0.0627	 -0.2052	  1.3463	  0.0000
  0.0031	  0.0028	 -0.9315	  0.0498	  1.0996	  1.0000
  0.0032	  0.0028	 -0.8046	  0.1647	  1.0220	  1.0000
  0.0033	  0.0028	 -0.4417	 -0.6498	  1.4072	  0.0000
  0.0034	  0.0028	 -0.4367	  0.5513	  1.2841	  0.0000
  0.0035	  0.0028	 -0.4412	  0.5755	  1.8614	  0.0000
  0.0036	  0.0028	 -0.4764	  0.7592	  2.0478	  0.0000
  0.0037	  0.0028	 -0.5125	  0.6967	  1.3163	  0.0000
  0.0038	  0.0028	 -0.3288	  0.5181	  1.9878	  0.0000
  0.0039	  0.0028	 -0.1021	  0.5444	  2.0578	  0.0000
  0.0040	  0.0028	 -0.2195	  0.5671	  1.7086	  0.0000
  0.0001	  0.0029	 -1.5101	 -0.0109	  1.3743	  0.0000
  0.0002	  0.0029	 -1.9657	 -0.1091	  1.8230	  0.0000
  0.0003	  0.0029	 -2.0270	 -0.0150	  1.6592	  0.0000
  0.0004	  0.0029	 -1.5781	 -0.1894	  0.0000	  1.0000
  0.0005	  0.0029	 -2.0413	  0.1218	  1.7850	  0.0000
  0.0006	  0.0029	 -2.1088	  0.3328	  1.5841	  0.0000
  0.0007	  0.0029	 -1.9017	  0.3304	  2.2443	  0.0000
  0.0008	  0.0029	 -1.8433	  0.1758	  1.7843	  0.0000
  0.0009	  0.0029	 -1.6803	 -0.2641	  2.0098	  0.0000
  0.0010	  0.0029	 -1.2192	  0.2129	  1.0690	  1.0000
  0.0011	  0.0029	 -1.5388	  0.0189	  1.8144	  0.0000
  0.0012	  0.0029	 -1.4226	  0.0292	  1.3582	  0.0000
  0.0013	  0.0029	 -1.3586	  0.0346	  2.6042	  0.0000
  0.0014	  0.0029	 -0.9132	  0.1421	  1.3620	  0.0000
  0.0015	  0.0029	 -0.6488	  0.3340	  1.3604	  0.0000
  0.0016	  0.0029	 -0.6438	  0.2027	  1.9441	  0.0000
  0.0017	  0.0029	 -1.1336	  0.0167	  1.5175	  0.0000
  0.0018	  0.0029	 -1.1229	  0.0392	  1.0948	  1.0000
  0.0019	  0.0029	 -1.1684	 -0.0335	  1.0506	  1.0000
  0.0020	  0.0029	 -1.1956	 -0.1239	  1.0287	  1.0000
  0.0021	  0.0029	 -1.7767	 -1.3235	  1.2132	  0.0000
  0.0022	  0.0029	 -1.2466	 -0.2061	  1.0673	  1.0000
  0.0023	  0.0029	 -0.9576	 -0.6656	  1.3365	  0.0000
  0.0024	  0.0029	 -0.7875	 -0.5319	  1.5231	  0.0000
  0.0025	  0.0029	 -0.8549	  0.4206	  1.3423	  0.0000
  0.0026	  0.0029	 -1.5231	 -0.6465	  1.7327	  0.0000
  0.0027	  0.0029	 -1.7954	 -0.6333	  1.5096	  0.0000
  0.0028	  0.0029	 -0.9762	 -0.3332	  1.0360	  1.0000
  0.0029	  0.0029	 -0.5087	  0.0015	  1.5609	  0.0000
  0.0030	  0.0029	 -0.0314	 -0.0342	  1.9145	  0.0000
  0.0031	  0.0029	  0.0101	  0.1255	  2.5096	  0.0000
  0.0032	  0.0029	  0.0542	  0.0112	  1.4556	  0.0000
  0.0033	  0.0029	  0.3763	  0.0328	  1.2248	  0.0000
  0.0034	  0.0029	  0.0351	  0.4950	  1.4821	  0.0000
  0.0035	  0.0029	 -0.0226	  0.4856	  1.3788	  0.0000
  0.0036	  0.0029	 -0.0874	  0.4007	  1.7556	  0.0000
  0.0037	  0.0029	 -0.2262	  0.4712	  1.1251	  1.0000
  0.0038	  0.0029	  0.0602	  0.2732	  1.6020	  0.0000
  0.0039	  0.0029	  0.0030	  0.3892	  2.2256	  0.0000
  0.0040	  0.0029	 -0.1100	  0.4978	  1.5799	  0.0000
  0.0001	  0.0030	 -0.9409	 -0.0450	  1.5161	  0.0000
  0.0002	  0.0030	 -1.5146	 -0.0543	  1.3030	  0.0000
  0.0003	  0.0030	 -1.3885	 -0.0650	  1.8851	  0.0000
  0.0004	  0.0030	 -1.8259	  0.1395	  1.2746	  0.0000
  0.0005	  0.0030	 -1.4722	 -0.4831	  1.4046	  0.0000
  0.0006	  0.0030	 -1.3312	 -0.0648	  0.0000	  1.0000
  0.0007	  0.0030	 -1.2647	  0.0015	  0.0000	  1.0000
  0.0008	  0.0030	 -1.1985	  0.0845	  1.0318	  1.0000
  0.0009	  0.0030	 -1.7520	  0.0552	  1.9150	  0.0000
  0.0010	  0.0030	 -1.1931	 -0.2257	  1.4069	  0.0000
  0.0011	  0.0030	 -0.9565	  0.2450	  0.0000	  1.0000
  0.0012	  0.0030	 -0.7656	  0.0813	  1.6429	  0.0000
  0.0013	  0.0030	 -0.7126	  0.1493	  1.9943	  0.0000
  0.0014	  0.0030	 -0.8005	  0.2554	  2.1692	  0.0000
  0.0015	  0.0030	 -0.6945	  0.1527	  2.0881	  0.0000
  0.0016	  0.0030	 -0.6380	  0.0863	  2.2032	  0.0000
  0.0017	  0.0030	 -0.5718	 -0.0300	  1.4802	  0.0000
  0.0018	  0.0030	 -0.8838	 -0.3676	  1.4848	  0.0000
  0.0019	  0.0030	 -0.9092	 -0.0716	  1.0808	  1.0000
  0.0020	  0.0030	 -0.9350	 -0.1442	  1.0994	  1.0000
  0.0021	  0.0030	 -1.3684	 -0.2509	  1.5374	  0.0000
  0.0022	  0.0030	 -0.9612	 -0.2104	  1.0678	  1.0000
  0.0023	  0.0030	 -1.0056	 -0.2092	  0.0000	  1.0000
  0.0024	  0.0030	 -0.8064	 -0.5213	  1.3875	  0.0000
  0.0025	  0.0030	 -0.9428	 -0.4483	  1.1214	  1.0000
  0.0026	  0.0030	 -1.4934	 -0.5077	  1.6490	  0.0000
  0.0027	  0.0030	 -1.5347	 -0.6915	  1.9026	  0.0000
  0.0028	  0.0030	 -1.1034	  0.1098	  1.2815	  0.0000
  0.0029	  0.0030	 -0.0699	  0.3406	  1.7093	  0.0000
  0.0030	  0.0030	 -0.0952	  0.1176	  2.2832	  0.0000
  0.0031	  0.0030	 -0.0437	  0.1444	  2.6425	  0.0000
  0.0032	  0.0030	  0.0952	  0.0338	  1.8302	  0.0000
  0.0033	  0.0030	  0.2551	  0.3775	  1.3038	  0.0000
  0.0034	  0.0030	  0.0992	  0.5308	  2.1835	  0.0000
  0.0035	  0.0030	 -0.0304	  0.4406	  2.1393	  0.0000
  0.0036	  0.0030	 -0.1428	  0.3848	  2.3278	  0.0000
  0.0037	  0.0030	  0.0324	  0.2504	  1.9107	  0.0000
  0.0038	  0.0030	 -0.0085	  0.3744	  2.5266	  0.0000
  0.0039	  0.0030	  0.0677	  0.2590	  2.0641	  0.0000
  0.0040	  0.0030	 -0.0164	  0.1096	  1.4281	  0.0000
  0.0001	  0.0031	 -0.8376	 -0.2010	  2.1213	  0.0000
  0.0002	  0.0031	 -0.8721	 -0.1599	  1.4967	  0.0000
  0.0003	  0.0031	 -0.9215	 -0.0220	  1.2990	  0.0000
  0.0004	  0.0031	 -1.3704	 -0.5773	  2.7393	  0.0000
  0.0005	  0.0031	 -1.3590	 -0.6081	  2.5050	  0.0000
  0.0006	  0.0031	 -1.5672	 -0.7383	  1.2475	  0.0000
  0.0007	  0.0031	 -1.5709	 -0.1163	  1.4322	  0.0000
  0.0008	  0.0031	 -1.2494	  0.5960	  1.7003	  0.0000
  0.0009	  0.0031	 -0.8271	  0.6606	  1.6626	  0.0000
  0.0010	  0.0031	 -0.5344	  0.5651	  2.1458	  0.0000
  0.0011	  0.0031	 -0.5572	  0.5064	  2.2000	  0.0000
  0.0012	  0.0031	 -0.4999	  0.3252	  1.7136	  0.0000
  0.0013	  0.0031	 -0.6781	  0.2048	  1.8082	  0.0000
  0.0014	  0.0031	 -0.7256	  0.1690	  2.0206	  0.0000
  0.0015	  0.0031	 -0.5895	  0.0995	  2.6546	  0.0000
  0.0016	  0.0031	 -0.7033	 -0.0022	  2.5513	  0.0000
  0.0017	  0.0031	 -0.4624	 -0.0817	  1.9791	  0.0000
  0.0018	  0.0031	 -0.6629	 -0.0492	  0.0000	  1.0000
  0.0019	  0.0031	 -0.1689	 -0.0925	  1.5881	  0.0000
  0.0020	  0.0031	 -0.6889	 -0.1411	  1.0023	  1.0000
  0.0021	  0.0031	 -0.6828	 -0.1805	  1.1731	  1.0000
  0.0022	  0.0031	 -0.1537	  0.3459	  1.3307	  0.0000
  0.0023	  0.0031	 -0.7340	 -0.1906	  1.0669	  1.0000
  0.0024	  0.0031	 -0.7770	 -0.2204	  1.0882	  1.0000
  0.0025	  0.0031	 -1.1044	 -0.1284	  1.2653	  0.0000
  0.0026	  0.0031	 -1.2570	 -0.1956	  1.6627	  0.0000
  0.0027	  0.0031	 -1.2796	 -0.4085	  1.2983	  0.0000
  0.0028	  0.0031	 -0.6934	  0.0920	  1.8699	  0.0000
  0.0029	  0.0031	 -0.0102	  0.3253	  1.3095	  0.0000
  0.0030	  0.0031	 -0.0490	  0.1939	  1.9843	  0.0000
  0.0031	  0.0031	  0.0001	  0.1064	  2.8003	  0.0000
  0.0032	  0.0031	  0.0512	  0.0792	  2.0994	  0.0000
  0.0033	  0.0031	  0.1601	  0.1801	  2.0952	  0.0000
  0.0034	  0.0031	  0.1995	  0.2665	  1.2303	  0.0000
  0.0035	  0.0031	 -0.0815	  0.1910	  1.6783	  0.0000
  0.0036	  0.0031	  0.0331	  0.3626	  1.5066	  0.0000
  0.0037	  0.0031	  0.0272	  0.2617	  1.9353	  0.0000
  0.0038	  0.0031	 -0.0161	  0.1774	  1.8254	  0.0000
  0.0039	  0.0031	  0.0715	  0.1062	  2.2913	  0.0000
  0.0040	  0.0031	  0.0090	  0.1670	  2.3806	  0.0000
  0.0001	  0.0032	 -0.7122	 -0.1162	  2.0944	  0.0000
  0.0002	  0.0032	 -0.7575	 -0.2175	  1.8298	  0.0000
  0.0003	  0.0032	 -0.7844	 -0.0171	  1.3246	  0.0000
  0.0004	  0.0032	 -0.7393	 -0.4867	  1.6330	  0.0000
  0.0005	  0.0032	 -0.7353	 -0.7435	  2.1758	  0.0000
  0.0006	  0.0032	 -0.5229	 -0.9453	  1.4315	  0.0000
  0.0007	  0.0032	 -0.7891	  0.0508	  1.0620	  1.0000
  0.0008	  0.0032	 -0.4041	  0.7850	  1.6700	  0.0000
  0.0009	  0.0032	 -0.4945	  0.6111	  2.0516	  0.0000
  0.0010	  0.0032	 -0.5425	  0.5435	  2.3355	  0.0000
  0.0011	  0.0032	 -0.4892	  0.4802	  2.3141	  0.0000
  0.0012	  0.0032	 -0.5961	  0.4363	  1.5048	  0.0000
  0.0013	  0.0032	 -0.3061	  0.1303	  1.4431	  0.0000
  0.0014	  0.0032	 -0.4449	  0.0997	  2.1559	  0.0000
  0.0015	  0.0032	 -0.4892	  0.0798	  2.0549	  0.0000
  0.0016	  0.0032	 -0.5654	 -0.0510	  2.3920	  0.0000
  0.0017	  0.0032	 -0.5357	 -0.0551	  1.7861	  0.0000
  0.0018	  0.0032	 -0.1544	 -0.0406	  2.4001	  0.0000
  0.0019	  0.0032	 -0.0453	 -0.0821	  2.5451	  0.0000
  0.0020	  0.0032	 -0.4275	 -0.1008	  0.0000	  1.0000
  0.0021	  0.0032	  0.0111	 -0.0265	  2.4164	  0.0000
  0.0022	  0.0032	 -0.0732	  0.0170	  1.7700	  0.0000
  0.0023	  0.0032	 -0.0426	 -0.1800	  1.3111	  0.0000
  0.0024	  0.0032	  0.0831	  0.1289	  1.7608	  0.0000
  0.0025	  0.0032	 -0.0662	  0.1866	  1.4627	  0.0000
  0.0026	  0.0032	 -0.4306	 -0.0944	  1.0431	  1.0000
  0.0027	  0.0032	 -0.3759	 -0.0578	  1.0237	  1.0000
  0.0028	  0.0032	 -0.2051	  0.3417	  1.3682	  0.0000
  0.0029	  0.0032	 -0.0380	  0.3829	  1.5723	  0.0000
  0.0030	  0.0032	 -0.0106	  0.1155	  2.7308	  0.0000
  0.0031	  0.0032	 -0.0326	  0.0613	  2.7575	  0.0000
  0.0032	  0.0032	  0.0322	  0.0505	  1.3365	  0.0000
  0.0033	  0.0032	  0.0437	  0.0704	  2.1025	  0.0000
  0.0034	  0.0032	  0.0887	 -0.0089	  1.9620	  0.0000
  0.0035	  0.0032	  0.0119	  0.1413	  2.4050	  0.0000
  0.0036	  0.0032	  0.0518	  0.1913	  1.9187	  0.0000
  0.0037	  0.0032	  0.0263	  0.2083	  2.6101	  0.0000
  0.0038	  0.0032	  0.0087	  0.1800	  2.8575	  0.0000
  0.0039	  0.0032	 -0.0764	  0.2063	  2.0837	  0.0000
  0.0040	  0.0032	 -0.0059	  0.1195	  2.3852	  0.0000
  0.0001	  0.0033	 -0.6243	 -0.0251	  2.5832	  0.0000
  0.0002	  0.0033	 -0.6329	 -0.1046	  2.7731	  0.0000
  0.0003	  0.0033	 -0.5380	 -0.0669	  2.2336	  0.0000
  0.0004	  0.0033	 -0.5129	 -0.2299	  1.2592	  0.0000
  0.0005	  0.0033	 -0.5686	 -0.0397	  1.1359	  1.0000
  0.0006	  0.0033	 -0.1472	 -0.5270	  1.4864	  0.0000
  0.0007	  0.0033	 -0.5317	  0.0532	  1.1063	  1.0000
  0.0008	  0.0033	 -0.1405	  0.4831	  1.3489	  0.0000
  0.0009	  0.0033	 -0.4668	  0.5404	  1.5087	  0.0000
  0.0010	  0.0033	 -0.4314	  0.5577	  1.5497	  0.0000
  0.0011	  0.0033	 -0.4001	  0.5218	  1.3979	  0.0000
  0.0012	  0.0033	 -0.1712	  0.2044	  1.6996	  0.0000
  0.0013	  0.0033	 -0.1251	  0.1372	  2.2047	  0.0000
  0.0014	  0.0033	 -0.3586	  0.1417	  0.0000	  1.0000
  0.0015	  0.0033	 -0.5379	 -0.0484	  1.8082	  0.0000
  0.0016	  0.0033	 -0.5702	  0.0591	  2.4053	  0.0000
  0.0017	  0.0033	 -0.6034	 -0.0533	  2.0050	  0.0000
  0.0018	  0.0033	 -0.3691	 -0.1361	  1.8989	  0.0000
  0.0019	  0.0033	 -0.1001	 -0.1050	  1.9040	  0.0000
  0.0020	  0.0033	 -0.0347	 -0.0378	  2.3173	  0.0000
  0.0021	  0.0033	 -0.0175	  0.0290	  2.3573	  0.0000
  0.0022	  0.0033	 -0.0796	 -0.0328	  2.4175	  0.0000
  0.0023	  0.0033	  0.0105	 -0.0429	  2.3248	  0.0000
  0.0024	  0.0033	  0.0682	  0.0385	  2.2550	  0.0000
  0.0025	  0.0033	 -0.0849	  0.0035	  2.9573	  0.0000
  0.0026	  0.0033	 -0.0785	 -0.2186	  1.3287	  0.0000
  0.0027	  0.0033	  0.1080	 -0.3467	  1.2354	  0.0000
  0.0028	  0.0033	  0.1603	 -0.0578	  1.8408	  0.0000
  0.0029	  0.0033	 -0.0009	  0.1351	  2.3424	  0.0000
  0.0030	  0.0033	  0.0509	  0.0796	  2.2268	  0.0000
  0.0031	  0.0033	 -0.0295	  0.0385	  2.2924	  0.0000
  0.0032	  0.0033	 -0.0047	  0.0712	  2.5661	  0.0000
  0.0033	  0.0033	  0.0313	  0.0688	  2.5345	  0.0000
  0.0034	  0.0033	  0.0496	  0.0018	  1.7307	  0.0000
  0.0035	  0.0033	  0.0991	  0.1370	  1.9472	  0.0000
  0.0036	  0.0033	  0.0746	  0.1886	  2.3055	  0.0000
  0.0037	  0.0033	  0.0458	  0.1818	  1.7720	  0.0000
  0.0038	  0.0033	 -0.0652	  0.0984	  2.4500	  0.0000
  0.0039	  0.0033	  0.0105	  0.1249	  2.3993	  0.0000
  0.0040	  0.0033	  0.0484	  0.1288	  2.6507	  0.0000
  0.0001	  0.0034	 -0.4928	  0.0244	  2.5298	  0.0000
  0.0002	  0.0034	 -0.4561	  0.0681	  1.4292	  0.0000
  0.0003	  0.0034	 -0.4308	  0.0950	  2.0574	  0.0000
  0.0004	  0.0034	 -0.3713	 -0.0642	  1.1939	  1.0000
  0.0005	  0.0034	 -0.1047	 -0.0447	  1.7367	  0.0000
  0.0006	  0.0034	 -0.0117	 -0.0320	  2.0562	  0.0000
  0.0007	  0.0034	  0.0331	  0.2358	  2.2407	  0.0000
  0.0008	  0.0034	  0.0551	  0.3119	  1.3426	  0.0000
  0.0009	  0.0034	 -0.0111	  0.1342	  1.9118	  0.0000
  0.0010	  0.0034	 -0.0336	  0.2378	  2.3654	  0.0000
  0.0011	  0.0034	 -0.1547	  0.2159	  1.7591	  0.0000
  0.0012	  0.0034	 -0.2968	  0.4528	  1.6840	  0.0000
  0.0013	  0.0034	 -0.1355	  0.2160	  2.0172	  0.0000
  0.0014	  0.0034	 -0.1033	  0.0809	  1.8748	  0.0000
  0.0015	  0.0034	 -0.2389	  0.0840	  1.1786	  1.0000
  0.0016	  0.0034	 -0.2081	  0.0401	  1.1516	  1.0000
  0.0017	  0.0034	 -0.2179	  0.0172	  1.4022	  0.0000
  0.0018	  0.0034	 -0.1637	 -0.1081	  2.0633	  0.0000
  0.0019	  0.0034	 -0.1271	 -0.0131	  2.7089	  0.0000
  0.0020	  0.0034	 -0.1365	  0.0068	  2.3695	  0.0000
  0.0021	  0.0034	  0.0707	  0.0599	  1.6255	  0.0000
  0.0022	  0.0034	  0.0175	 -0.0148	  2.5909	  0.0000
  0.0023	  0.0034	 -0.0590	  0.0356	  1.5975	  0.0000
  0.0024	  0.0034	 -0.1349	 -0.0156	  0.0000	  1.0000
  0.0025	  0.0034	 -0.0769	 -0.0189	  2.5761	  0.0000
  0.0026	  0.0034	 -0.0345	 -0.0267	  1.7710	  0.0000
  0.0027	  0.0034	 -0.0269	 -0.0385	  1.8512	  0.0000
  0.0028	  0.0034	 -0.0182	 -0.0065	  1.8803	  0.0000
  0.0029	  0.0034	 -0.0222	  0.0685	  3.0239	  0.0000
  0.0030	  0.0034	  0.0310	  0.0615	  1.8255	  0.0000
  0.0031	  0.0034	 -0.0203	  0.0208	  1.6865	  0.0000
  0.0032	  0.0034	  0.0223	  0.0497	  2.4349	  0.0000
  0.0033	  0.0034	  0.0011	 -0.0034	  2.4201	  0.0000
  0.0034	  0.0034	 -0.0112	  0.0045	  2.6757	  0.0000
  0.0035	  0.0034	  0.0060	  0.0952	  2.3618	  0.0000
  0.0036	  0.0034	  0.0107	  0.1153	  1.8975	  0.0000
  0.0037	  0.0034	  0.0806	  0.0853	  1.6866	  0.0000
  0.0038	  0.0034	  0.1352	  0.0129	  2.0695	  0.0000
  0.0039	  0.0034	  0.0321	  0.1207	  2.5762	  0.0000
  0.0040	  0.0034	  0.0051	  0.0978	  2.9797	  0.0000
  0.0001	  0.0035	 -0.3662	 -0.0009	  1.5127	  0.0000
  0.0002	  0.0035	 -0.1836	 -0.1135	  1.3997	  0.0000
  0.0003	  0.0035	  0.0256	  0.0362	  1.7687	  0.0000
  0.0004	  0.0035	 -0.2035	  0.0019	  1.6316	  0.0000
  0.0005	  0.0035	 -0.1464	  0.0474	  1.0559	  1.0000
  0.0006	  0.0035	  0.1346	  0.1604	  1.9411	  0.0000
  0.0007	  0.0035	  0.1144	  0.2650	  1.9049	  0.0000
  0.0008	  0.0035	  0.0008	  0.2761	  1.7223	  0.0000
  0.0009	  0.0035	 -0.0642	  0.1192	  2.4990	  0.0000
  0.0010	  0.0035	 -0.1486	  0.2186	  2.5429	  0.0000
  0.0011	  0.0035	 -0.1367	  0.1217	  1.5927	  0.0000
  0.0012	  0.0035	 -0.1384	  0.3209	  1.5985	  0.0000
  0.0013	  0.0035	  0.0150	  0.2277	  1.8998	  0.0000
  0.0014	  0.0035	 -0.0497	  0.1639	  2.0341	  0.0000
  0.0015	  0.0035	 -0.0811	  0.0692	  2.0126	  0.0000
  0.0016	  0.0035	 -0.1185	  0.0507	  1.1966	  1.0000
  0.0017	  0.0035	 -0.1008	 -0.0904	  1.5964	  0.0000
  0.0018	  0.0035	  0.0231	 -0.0054	  2.2805	  0.0000
  0.0019	  0.0035	  0.0628	  0.0754	  2.1387	  0.0000
  0.0020	  0.0035	  0.0088	  0.0700	  2.4411	  0.0000
  0.0021	  0.0035	  0.0420	  0.0006	  1.9601	  0.0000
  0.0022	  0.0035	  0.0637	  0.0274	  2.4711	  0.0000
  0.0023	  0.0035	  0.0037	  0.0312	  2.1610	  0.0000
  0.0024	  0.0035	  0.0284	  0.0148	  1.6811	  0.0000
  0.0025	  0.0035	  0.0985	  0.0545	  1.7770	  0.0000
  0.0026	  0.0035	 -0.0254	  0.0248	  0.0000	  1.0000
  0.0027	  0.0035	  0.0472	 -0.0031	  1.8428	  0.0000
  0.0028	  0.0035	 -0.0073	  0.0508	  2.2042	  0.0000
  0.0029	  0.0035	  0.0644	  0.0376	  2.5185	  0.0000
  0.0030	  0.0035	  0.0032	  0.0359	  2.2839	  0.0000
  0.0031	  0.0035	  0.0337	  0.0943	  1.9863	  0.0000
  0.0032	  0.0035	 -0.0043	  0.0404	  1.8931	  0.0000
  0.0033	  0.0035	 -0.0152	  0.0688	  2.1841	  0.0000
  0.0034	  0.0035	  0.0266	  0.0848	  2.3333	  0.0000
  0.0035	  0.0035	  0.0349	  0.1206	  1.7458	  0.0000
  0.0036	  0.0035	 -0.0251	  0.0340	  2.4123	  0.0000
  0.0037	  0.0035	  0.0455	  0.1093	  1.7018	  0.0000
  0.0038	  0.0035	  0.0476	  0.1069	  2.0741	  0.0000
  0.0039	  0.0035	 -0.0503	  0.1311	  2.0448	  0.0000
  0.0040	  0.0035	  0.0094	  0.0443	  1.8267	  0.0000
  0.0001	  0.0036	  0.0724	  0.0569	  2.0298	  0.0000
  0.0002	  0.0036	  0.0770	  0.0805	  2.1497	  0.0000
  0.0003	  0.0036	  0.0371	  0.1453	  2.1328	  0.0000
  0.0004	  0.0036	 -0.0521	  0.0779	  0.0000	  1.0000
  0.0005	  0.0036	 -0.0180	  0.0894	  1.7666	  0.0000
  0.0006	  0.0036	  0.0754	  0.1817	  2.2620	  0.0000
  0.0007	  0.0036	  0.1676	  0.1887	  1.5636	  0.0000
  0.0008	  0.0036	  0.0811	  0.1295	  2.5391	  0.0000
  0.0009	  0.0036	 -0.0440	  0.0683	  2.3573	  0.0000
  0.0010	  0.0036	  0.0117	  0.0737	  2.3037	  0.0000
  0.0011	  0.0036	 -0.0593	  0.1759	  2.0517	  0.0000
  0.0012	  0.0036	 -0.0173	  0.2057	  1.6105	  0.0000
  0.0013	  0.0036	  0.0204	  0.1813	  2.2278	  0.0000
  0.0014	  0.0036	  0.0033	  0.1595	  1.9539	  0.0000
  0.0015	  0.0036	  0.0502	  0.0485	  2.1099	  0.0000
  0.0016	  0.0036	 -0.0283	  0.0323	  2.3766	  0.0000
  0.0017	  0.0036	 -0.0640	 -0.0829	  2.4529	  0.0000
  0.0018	  0.0036	  0.0343	 -0.0336	  1.9127	  0.0000
  0.0019	  0.0036	  0.1011	  0.0979	  2.8318	  0.0000
  0.0020	  0.0036	  0.0099	  0.1370	  2.0735	  0.0000
  0.0021	  0.0036	  0.0083	  0.1228	  2.0515	  0.0000
  0.0022	  0.0036	  0.0736	  0.0904	  1.9099	  0.0000
  0.0023	  0.0036	 -0.0199	  0.0840	  1.9480	  0.0000
  0.0024	  0.0036	 -0.0225	  0.0075	  1.7928	  0.0000
  0.0025	  0.0036	  0.0525	  0.1150	  2.4036	  0.0000
  0.0026	  0.0036	  0.0161	  0.0425	  2.6770	  0.0000
  0.0027	  0.0036	 -0.0191	  0.0072	  2.3454	  0.0000
  0.0028	  0.0036	  0.0071	  0.0615	  2.4468	  0.0000
  0.0029	  0.0036	  0.0337	 -0.0637	  2.0229	  0.0000
  0.0030	  0.0036	 -0.0131	 -0.0130	  2.1463	  0.0000
  0.0031	  0.0036	 -0.0009	  0.0737	  2.2162	  0.0000
  0.0032	  0.0036	 -0.0373	  0.0381	  2.5191	  0.0000
  0.0033	  0.0036	 -0.0486	  0.1761	  1.2496	  0.0000
  0.0034	  0.0036	  0.0294	  0.1098	  1.5595	  0.0000
  0.0035	  0.0036	 -0.0026	  0.0739	  0.0000	  1.0000
  0.0036	  0.0036	 -0.0188	  0.1029	  1.9692	  0.0000
  0.0037	  0.0036	  0.0376	  0.0971	  2.7088	  0.0000
  0.0038	  0.0036	  0.0155	  0.1401	  2.1259	  0.0000
  0.0039	  0.0036	 -0.0034	  0.1246	  2.7061	  0.0000
  0.0040	  0.0036	  0.0434	  0.0556	  3.2228	  0.0000
  0.0001	  0.0037	  0.1985	  0.1551	  1.9989	  0.0000
  0.0002	  0.0037	  0.2133	  0.1374	  2.2604	  0.0000
  0.0003	  0.0037	  0.0801	  0.3123	  1.6789	  0.0000
  0.0004	  0.0037	  0.0919	  0.1471	  1.9997	  0.0000
  0.0005	  0.0037	  0.0973	  0.1489	  1.9307	  0.0000
  0.0006	  0.0037	  0.1105	  0.1154	  2.8494	  0.0000
  0.0007	  0.0037	  0.0602	  0.1732	  2.2571	  0.0000
  0.0008	  0.0037	  0.0256	  0.1095	  2.1179	  0.0000
  0.0009	  0.0037	  0.0366	  0.0988	  2.9266	  0.0000
  0.0010	  0.0037	  0.0288	  0.1564	  1.7777	  0.0000
  0.0011	  0.0037	  0.0160	  0.2146	  2.0547	  0.0000
  0.0012	  0.0037	 -0.0335	  0.1823	  2.2759	  0.0000
  0.0013	  0.0037	  0.0317	  0.1537	  1.6062	  0.0000
  0.0014	  0.0037	  0.0748	  0.1023	  2.0745	  0.0000
  0.0015	  0.0037	  0.0634	  0.0267	  1.9481	  0.0000
  0.0016	  0.0037	  0.0025	  0.0125	  2.2101	  0.0000
  0.0017	  0.0037	  0.0189	  0.0490	  1.8244	  0.0000
  0.0018	  0.0037	  0.0077	 -0.0123	  1.9424	  0.0000
  0.0019	  0.0037	  0.0296	  0.0969	  2.4404	  0.0000
  0.0020	  0.0037	  0.0342	  0.1356	  1.8593	  0.0000
  0.0021	  0.0037	  0.0232	  0.0281	  1.7492	  0.0000
  0.0022	  0.0037	 -0.0092	  0.0042	  1.9005	  0.0000
  0.0023	  0.0037	 -0.0385	  0.0059	  2.1957	  0.0000
  0.0024	  0.0037	  0.0027	  0.0318	  0.0000	  1.0000
  0.0025	  0.0037	 -0.0006	  0.0116	  1.8971	  0.0000
  0.0026	  0.0037	  0.0901	  0.0181	  1.9270	  0.0000
  0.0027	  0.0037	 -0.0582	  0.0924	  1.8549	  0.0000
  0.0028	  0.0037	  0.0169	  0.0302	  1.6712	  0.0000
  0.0029	  0.0037	 -0.0105	  0.0230	  2.2924	  0.0000
  0.0030	  0.0037	 -0.0354	  0.0333	  2.4305	  0.0000
  0.0031	  0.0037	 -0.0473	  0.0805	  2.8566	  0.0000
  0.0032	  0.0037	 -0.0222	  0.0702	  2.7170	  0.0000
  0.0033	  0.0037	 -0.0785	  0.0382	  2.3767	  0.0000
  0.0034	  0.0037	 -0.0325	  0.0699	  2.4502	  0.0000
  0.0035	  0.0037	 -0.0761	  0.0691	  2.3044	  0.0000
  0.0036	  0.0037	 -0.0785	  0.0596	  2.4489	  0.0000
  0.0037	  0.0037	 -0.0347	  0.0050	  1.6493	  0.0000
  0.0038	  0.0037	  0.0551	  0.0617	  2.6215	  0.0000
  0.0039	  0.0037	  0.0120	  0.1063	  2.3398	  0.0000
  0.0040	  0.0037	  0.0403	  0.0457	  3.1915	  0.0000
  0.0001	  0.0038	  0.1730	  0.1452	  1.8328	  0.0000
  0.0002	  0.0038	  0.2042	  0.1145	  2.0713	  0.0000
  0.0003	  0.0038	  0.1878	  0.1731	  1.4645	  0.0000
  0.0004	  0.0038	  0.1454	  0.1080	  1.5717	  0.0000
  0.0005	  0.0038	  0.0868	  0.1218	  1.1791	  1.0000
  0.0006	  0.0038	  0.1421	  0.2171	  2.2421	  0.0000
  0.0007	  0.0038	  0.1088	  0.1440	  2.1540	  0.0000
  0.0008	  0.0038	  0.0980	  0.1626	  2.0556	  0.0000
  0.0009	  0.0038	  0.0676	  0.1340	  0.0000	  1.0000
  0.0010	  0.0038	  0.0122	  0.0563	  2.1753	  0.0000
  0.0011	  0.0038	 -0.0139	  0.0620	  1.6645	  0.0000
  0.0012	  0.0038	  0.0432	  0.1083	  1.8484	  0.0000
  0.0013	  0.0038	  0.0500	  0.1605	  1.4960	  0.0000
  0.0014	  0.0038	  0.1278	  0.1860	  2.4708	  0.0000
  0.0015	  0.0038	  0.0707	  0.1334	  2.0042	  0.0000
  0.0016	  0.0038	  0.0826	  0.0955	  2.8305	  0.0000
  0.0017	  0.0038	  0.0537	  0.1025	  2.4874	  0.0000
  0.0018	  0.0038	  0.0631	  0.0333	  2.5902	  0.0000
  0.0019	  0.0038	  0.0224	  0.0563	  2.2924	  0.0000
  0.0020	  0.0038	  0.0227	  0.0471	  0.0000	  1.0000
  0.0021	  0.0038	  0.0416	  0.0374	  2.5691	  0.0000
  0.0022	  0.0038	  0.0382	  0.0012	  2.3502	  0.0000
  0.0023	  0.0038	 -0.0733	  0.0064	  2.0169	  0.0000
  0.0024	  0.0038	 -0.1488	  0.0470	  1.9710	  0.0000
  0.0025	  0.0038	 -0.0251	 -0.0408	  2.5042	  0.0000
  0.0026	  0.0038	  0.0523	  0.0830	  1.3183	  0.0000
  0.0027	  0.0038	 -0.0921	  0.1089	  1.9603	  0.0000
  0.0028	  0.0038	 -0.0223	  0.0216	  2.5555	  0.0000
  0.0029	  0.0038	 -0.0469	  0.0406	  2.1242	  0.0000
  0.0030	  0.0038	  0.0326	  0.0798	  2.0945	  0.0000
  0.0031	  0.0038	  0.0210	  0.1082	  2.3609	  0.0000
  0.0032	  0.0038	 -0.0714	  0.0753	  2.2580	  0.0000
  0.0033	  0.0038	 -0.1506	  0.0263	  1.5325	  0.0000
  0.0034	  0.0038	 -0.0327	  0.0538	  2.6422	  0.0000
  0.0035	  0.0038	 -0.0267	  0.0610	  2.5724	  0.0000
  0.0036	  0.0038	 -0.0305	  0.0983	  2.4789	  0.0000
  0.0037	  0.0038	  0.0041	  0.0778	  1.8358	  0.0000
  0.0038	  0.0038	 -0.0200	  0.1114	  2.1727	  0.0000
  0.0039	  0.0038	  0.0668	  0.0786	  2.0613	  0.0000
  0.0040	  0.0038	  0.0047	  0.0778	  2.1295	  0.0000
  0.0001	  0.0039	  0.1364	  0.1318	  2.0022	  0.0000
  0.0002	  0.0039	  0.1691	  0.1436	  2.2394	  0.0000
  0.0003	  0.0039	  0.1229	  0.2013	  1.4975	  0.0000
  0.0004	  0.0039	  0.1624	  0.1251	  1.4248	  0.0000
  0.0005	  0.0039	  0.1162	  0.1141	  2.3809	  0.0000
  0.0006	  0.0039	  0.1379	  0.1691	  2.5239	  0.0000
  0.0007	  0.0039	  0.2290	  0.1661	  2.0232	  0.0000
  0.0008	  0.0039	  0.1608	  0.1086	  2.6678	  0.0000
  0.0009	  0.0039	  0.1668	  0.1761	  2.1811	  0.0000
  0.0010	  0.0039	  0.1234	  0.0476	  2.0598	  0.0000
  0.0011	  0.0039	  0.0615	  0.0803	  1.6067	  0.0000
  0.0012	  0.0039	  0.0690	  0.1123	  0.0000	  1.0000
  0.0013	  0.0039	  0.0625	  0.1033	  0.0000	  1.0000
  0.0014	  0.0039	  0.0939	  0.0707	  1.9572	  0.0000
  0.0015	  0.0039	  0.0779	  0.0986	  2.2730	  0.0000
  0.0016	  0.0039	  0.0791	  0.0544	  2.5607	  0.0000
  0.0017	  0.0039	 -0.0188	  0.0330	  2.1206	  0.0000
  0.0018	  0.0039	  0.0287	  0.0495	  2.3658	  0.0000
  0.0019	  0.0039	  0.0719	  0.0693	  2.7105	  0.0000
  0.0020	  0.0039	  0.0235	 -0.0114	  2.4772	  0.0000
  0.0021	  0.0039	  0.0189	  0.0162	  1.7603	  0.0000
  0.0022	  0.0039	 -0.0508	  0.0611	  2.0846	  0.0000
  0.0023	  0.0039	  0.0098	  0.0506	  0.0000	  1.0000
  0.0024	  0.0039	 -0.0736	  0.0464	  1.6184	  0.0000
  0.0025	  0.0039	  0.0474	  0.0367	  2.1721	  0.0000
  0.0026	  0.0039	  0.0627	  0.0453	  1.6059	  0.0000
  0.0027	  0.0039	  0.0174	  0.0778	  2.5227	  0.0000
  0.0028	  0.0039	  0.0246	  0.0456	  2.2875	  0.0000
  0.0029	  0.0039	 -0.0176	 -0.0089	  1.9165	  0.0000
  0.0030	  0.0039	  0.0319	  0.1010	  1.8070	  0.0000
  0.0031	  0.0039	  0.1002	 -0.0160	  1.9085	  0.0000
  0.0032	  0.0039	 -0.0286	  0.0191	  2.4536	  0.0000
  0.0033	  0.0039	 -0.0856	  0.0190	  1.3472	  0.0000
  0.0034	  0.0039	  0.0043	  0.0576	  2.7152	  0.0000
  0.0035	  0.0039	  0.0344	  0.0226	  2.1161	  0.0000
  0.0036	  0.0039	 -0.0412	  0.0462	  2.3861	  0.0000
  0.0037	  0.0039	  0.0218	  0.1327	  1.8161	  0.0000
  0.0038	  0.0039	  0.0032	  0.0366	  2.0440	  0.0000
  0.0039	  0.0039	 -0.0431	  0.0293	  2.6827	  0.0000
  0.0040	  0.0039	  0.0067	  0.0608	  2.1199	  0.0000
  0.0001	  0.0040	  0.1381	  0.1066	  2.7450	  0.0000
  0.0002	  0.0040	  0.1036	  0.0896	  1.6793	  0.0000
  0.0003	  0.0040	  0.0565	  0.1406	  2.3345	  0.0000
  0.0004	  0.0040	  0.1824	  0.1634	  1.7638	  0.0000
  0.0005	  0.0040	  0.1168	  0.1255	  0.0000	  1.0000
  0.0006	  0.0040	  0.0804	  0.1351	  2.4703	  0.0000
  0.0007	  0.0040	  0.0921	  0.1740	  1.5792	  0.0000
  0.0008	  0.0040	  0.0876	  0.0291	  2.5195	  0.0000
  0.0009	  0.0040	  0.1162	  0.0714	  2.4959	  0.0000
  0.0010	  0.0040	  0.2111	  0.1272	  1.4742	  0.0000
  0.0011	  0.0040	  0.1091	  0.1882	  1.9481	  0.0000
  0.0012	  0.0040	  0.1301	  0.0884	  2.2230	  0.0000
  0.0013	  0.0040	  0.0832	  0.1143	  1.9058	  0.0000
  0.0014	  0.0040	  0.1257	  0.1007	  1.9577	  0.0000
  0.0015	  0.0040	  0.0576	 -0.0837	  1.9275	  0.0000
  0.0016	  0.0040	  0.0711	  0.0509	  2.2560	  0.0000
  0.0017	  0.0040	  0.1411	  0.0236	  1.7492	  0.0000
  0.0018	  0.0040	  0.1236	  0.0183	  2.3073	  0.0000
  0.0019	  0.0040	  0.1281	  0.0792	  2.1492	  0.0000
  0.0020	  0.0040	  0.0645	  0.0991	  2.4551	  0.0000
  0.0021	  0.0040	 -0.0168	  0.0364	  2.5017	  0.0000
  0.0022	  0.0040	 -0.0595	  0.0349	  2.7984	  0.0000
  0.0023	  0.0040	  0.0455	  0.0458	  2.4875	  0.0000
  0.0024	  0.0040	  0.1249	  0.0027	  1.9225	  0.0000
  0.0025	  0.0040	  0.0246	  0.0102	  2.2671	  0.0000
  0.0026	  0.0040	  0.0532	  0.0170	  2.1880	  0.0000
  0.0027	  0.0040	 -0.0418	  0.0214	  1.2345	  0.0000
  0.0028	  0.0040	 -0.0219	  0.1003	  1.7005	  0.0000
  0.0029	  0.0040	 -0.0662	  0.0594	  2.0143	  0.0000
  0.0030	  0.0040	  0.0254	 -0.0033	  2.4614	  0.0000
  0.0031	  0.0040	 -0.0316	 -0.0178	  1.6959	  0.0000
  0.0032	  0.0040	 -0.0797	  0.0090	  1.7979	  0.0000
  0.0033	  0.0040	  0.0374	  0.0256	  2.2359	  0.0000
  0.0034	  0.0040	 -0.0181	  0.0553	  0.0000	  1.0000
  0.0035	  0.0040	  0.0320	 -0.0481	  2.3154	  0.0000
  0.0036	  0.0040	  0.0371	  0.0650	  2.2175	  0.0000
  0.0037	  0.0040	 -0.0129	  0.2450	  1.4381	  0.0000
  0.0038	  0.0040	  0.0084	  0.1098	  1.5041	  0.0000
  0.0039	  0.0040	 -0.1117	  0.1078	  2.4771	  0.0000
  0.0040	  0.0040	 -0.0235	  0.1357	  1.5976	  0.0000
  0.0001	  0.0041	  0.2078	  0.0728	  2.9532	  0.0000
  0.0002	  0.0041	  0.1625	  0.1182	  1.5586	  0.0000
  0.0003	  0.0041	  0.0865	  0.0981	  1.2136	  0.0000
  0.0004	  0.0041	  0.0548	  0.0962	  2.2385	  0.0000
  0.0005	  0.0041	  0.0463	 -0.0012	  1.8183	  0.0000
  0.0006	  0.0041	  0.0454	 -0.0190	  2.3285	  0.0000
  0.0007	  0.0041	  0.0327	 -0.0314	  1.9597	  0.0000
  0.0008	  0.0041	  0.1829	  0.0585	  2.5897	  0.0000
  0.0009	  0.0041	  0.1728	  0.0994	  2.0283	  0.0000
  0.0010	  0.0041	  0.2167	  0.1247	  1.7797	  0.0000
  0.0011	  0.0041	  0.1049	  0.1167	  2.1339	  0.0000
  0.0012	  0.0041	  0.1046	  0.1015	  1.8388	  0.0000
  0.0013	  0.0041	  0.1063	  0.0910	  2.1135	  0.0000
  0.0014	  0.0041	  0.1012	  0.1104	  1.9176	  0.0000
  0.0015	  0.0041	  0.0640	  0.0888	  1.8527	  0.0000
  0.0016	  0.0041	  0.0363	  0.0261	  1.5750	  0.0000
  0.0017	  0.0041	  0.0035	  0.1070	  1.7196	  0.0000
  0.0018	  0.0041	  0.0470	  0.0461	  2.7001	  0.0000
  0.0019	  0.0041	  0.0503	  0.0783	  2.1610	  0.0000
  0.0020	  0.0041	 -0.0006	  0.1034	  3.1304	  0.0000
  0.0021	  0.0041	 -0.0547	  0.0465	  1.5860	  0.0000
  0.0022	  0.0041	  0.0569	  0.0791	  2.8946	  0.0000
  0.0023	  0.0041	  0.0186	  0.1234	  2.2881	  0.0000
  0.0024	  0.0041	  0.0821	  0.0920	  2.5340	  0.0000
  0.0025	  0.0041	  0.0085	  0.0825	  2.3622	  0.0000
  0.0026	  0.0041	 -0.1029	  0.0916	  1.9092	  0.0000
  0.0027	  0.0041	  0.0318	  0.0451	  1.7608	  0.0000
  0.0028	  0.0041	 -0.0247	 -0.0055	  1.9814	  0.0000
  0.0029	  0.0041	 -0.0785	  0.0475	  1.8510	  0.0000
  0.0030	  0.0041	  0.0024	  0.0522	  2.3011	  0.0000
  0.0031	  0.0041	 -0.0154	  0.0391	  0.0000	  1.0000
  0.0032	  0.0041	  0.0106	  0.0142	  2.5465	  0.0000
  0.0033	  0.0041	  0.0160	 -0.0005	  2.0542	  0.0000
  0.0034	  0.0041	  0.0558	  0.0980	  1.6681	  0.0000
  0.0035	  0.0041	  0.0128	  0.0734	  1.6496	  0.0000
  0.0036	  0.0041	 -0.0072	  0.0757	  1.1993	  1.0000
  0.0037	  0.0041	 -0.0188	  0.1257	  2.1425	  0.0000
  0.0038	  0.0041	  0.0807	  0.1556	  1.8822	  0.0000
  0.0039	  0.0041	 -0.0173	  0.1785	  1.2691	  0.0000
  0.0040	  0.0041	 -0.0089	  0.0308	  2.0250	  0.0000
